151 229
269
84 225 112 141
61 131 42 208
10 212 24 152
150 35 131 93
62 131 75 78
27 75 18 123
33 107 24 151
35 30 27 73
108 9 146 28
126 101 114 137
110 96 99 131
72 217 83 182
107 9 74 1
85 176 94 147
34 105 40 77
7 209 31 221
47 1 73 1
12 149 17 125
7 172 12 150
43 223 64 228
2 193 7 173
83 173 79 190
68 228 85 225
134 63 142 48
39 13 36 29
99 132 94 146
37 221 25 216
77 82 74 94
39 221 41 209
57 226 69 226
42 224 33 222
5 206 1 198
127 101 130 94
11 213 18 216
110 95 111 88
130 85 131 91
150 34 147 29
71 220 69 225
85 172 83 177
5 205 8 209
40 10 40 5
121 14 125 16
83 181 85 177
41 6 43 2
47 225 43 224
48 2 44 2
43 222 40 221
81 177 82 174
53 225 56 225
40 76 40 73
9 209 10 207
135 23 137 24
26 218 24 217
115 11 115 13
71 227 69 227
147 31 149 31
78 82 78 80
113 140 113 138
11 210 12 211
124 109 123 108
123 112 122 111
72 218 71 219
146 29 145 28
37 220 38 220
51 226 50 226
32 221 33 221
17 123 17 124
34 106 34 107
117 126 117 125
49 224 50 224
109 10 108 10
150 39 150 38
2 197 1 197
107 158 107 158
26 140 26 140
36 98 36 98
138 70 138 70
26 140 26 140
26 140 26 140
91 206 91 206
132 88 132 88
26 140 26 140
71 96 71 96
109 152 109 152
88 215 88 215
22 216 22 216
22 216 22 216
74 212 74 212
147 47 147 47
22 216 22 216
98 136 98 136
145 53 145 53
35 222 35 222
29 131 29 131
95 145 95 145
121 114 121 114
47 185 47 185
134 82 134 82
102 123 102 123
90 158 90 158
67 112 67 112
149 41 149 41
73 88 73 88
21 104 21 104
34 39 34 39
112 143 112 143
22 216 22 216
31 54 31 54
22 216 22 216
8 169 8 169
133 20 133 20
26 140 26 140
26 140 26 140
113 10 113 10
26 140 26 140
106 107 106 107
26 140 26 140
139 23 139 23
126 103 126 103
23 155 23 155
26 140 26 140
148 44 148 44
26 140 26 140
120 117 120 117
24 150 24 150
93 200 93 200
66 116 66 116
94 197 94 197
11 151 11 151
30 126 30 126
26 85 26 85
32 116 32 116
3 192 3 192
93 149 93 149
2 196 2 196
129 18 129 18
79 193 79 193
76 206 76 206
96 191 96 191
114 135 114 135
28 219 28 219
144 56 144 56
48 181 48 181
20 217 20 217
98 185 98 185
82 226 82 226
92 203 92 203
106 161 106 161
30 59 30 59
6 174 6 174
108 101 108 101
139 67 139 67
96 142 96 142
70 225 70 225
86 221 86 221
54 163 54 163
87 171 87 171
11 203 11 203
46 189 46 189
111 146 111 146
117 12 117 12
74 91 74 91
75 209 75 209
115 132 115 132
38 84 38 84
99 6 99 6
135 79 135 79
13 195 13 195
136 76 136 76
60 139 60 139
85 224 85 224
105 164 105 164
102 173 102 173
22 99 22 99
33 44 33 44
118 123 118 123
55 159 55 159
135 21 135 21
130 93 130 93
37 224 37 224
86 174 86 174
104 113 104 113
58 147 58 147
19 114 19 114
87 218 87 218
20 109 20 109
43 201 43 201
27 74 27 74
137 73 137 73
25 90 25 90
8 208 8 208
45 193 45 193
38 15 38 15
74 84 74 84
2 203 2 203
89 165 89 165
14 191 14 191
116 129 116 129
81 187 81 187
100 179 100 179
73 215 73 215
82 184 82 184
97 139 97 139
90 209 90 209
103 170 103 170
36 25 36 25
146 50 146 50
70 100 70 100
39 80 39 80
28 69 28 69
108 155 108 155
34 39 34 39
22 216 22 216
22 216 22 216
140 64 140 64
4 188 4 188
22 216 22 216
22 216 22 216
56 155 56 155
22 216 22 216
22 216 22 216
22 216 22 216
109 98 109 98
91 155 91 155
81 178 81 178
26 140 26 140
103 120 103 120
26 140 26 140
26 140 26 140
26 140 26 140
39 10 39 10
78 196 78 196
26 140 26 140
26 140 26 140
127 17 127 17
26 140 26 140
26 140 26 140
26 140 26 140
24 150 24 150
80 190 80 190
26 140 26 140
26 140 26 140
69 104 69 104
26 140 26 140
26 140 26 140
26 140 26 140
24 150 24 150
24 150 24 150
24 150 24 150
24 150 24 150
14 142 14 142
24 150 24 150
24 150 24 150
24 150 24 150
24 150 24 150
100 129 100 129
24 150 24 150
24 150 24 150
84 172 84 172
24 150 24 150
24 150 24 150
24 150 24 150
25 145 25 145
24 150 24 150
24 150 24 150
24 150 24 150
24 150 24 150
24 150 24 150
59 143 59 143
