141 203
307
1 57 20 105
77 159 85 202
111 152 111 194
95 83 130 66
33 129 47 165
133 99 112 131
136 60 128 94
38 88 72 88
41 139 53 170
67 1 37 8
22 110 39 133
68 1 95 1
102 5 126 17
110 194 86 202
60 3 85 3
39 87 17 76
118 76 96 86
114 73 132 58
60 193 54 171
37 9 17 19
14 77 34 87
136 45 126 65
134 93 130 113
107 4 125 13
47 166 56 184
140 35 131 17
112 152 112 132
98 81 98 61
24 19 7 28
123 175 112 190
76 157 72 139
77 88 94 83
61 195 78 199
137 32 127 18
2 58 10 73
87 2 103 6
8 68 20 77
139 53 130 65
81 89 95 86
34 84 48 87
135 56 138 42
140 50 140 36
112 76 124 70
1 52 6 64
130 17 119 11
7 29 2 40
66 90 77 90
125 161 125 150
124 160 124 171
45 7 55 5
74 2 64 2
4 43 4 53
66 91 56 91
106 4 97 2
138 35 136 44
66 78 67 87
127 141 127 132
126 141 126 150
129 124 129 115
125 66 118 71
9 70 16 75
61 4 53 7
65 73 64 65
135 85 136 77
45 89 53 90
138 57 138 65
137 73 137 65
109 171 109 179
128 132 128 124
29 15 23 19
76 146 76 139
65 57 65 64
69 87 76 87
36 83 33 77
131 62 134 56
11 25 17 22
84 202 78 200
3 39 1 45
135 86 134 92
38 86 43 87
75 89 80 88
127 19 123 16
57 89 62 89
86 86 91 86
23 110 21 106
41 138 39 134
20 16 24 14
135 30 137 34
31 124 33 128
131 58 134 55
138 53 139 49
100 82 104 81
129 104 130 108
123 174 123 170
131 104 131 100
37 10 34 11
66 77 65 74
41 8 44 7
55 178 55 181
138 38 138 41
136 76 136 73
108 172 108 175
16 21 18 19
11 74 13 76
135 60 133 62
108 78 110 77
113 190 112 192
137 26 138 28
132 20 131 18
32 10 32 12
121 64 121 66
130 116 130 114
110 171 110 173
51 87 49 87
80 89 78 89
28 15 26 15
139 55 139 57
79 2 77 2
113 77 113 79
139 30 137 30
5 66 7 66
115 78 115 76
106 5 108 5
27 116 27 118
121 116 121 118
123 115 123 113
50 4 48 4
30 122 30 120
118 183 118 181
121 13 121 15
110 193 110 195
56 183 58 183
119 119 119 121
137 55 137 57
25 113 24 112
9 67 10 68
20 103 21 104
115 187 114 188
42 154 43 153
121 177 122 176
127 109 126 108
10 72 11 71
115 127 116 126
117 124 118 123
123 68 122 69
127 61 128 60
132 56 133 57
114 129 113 130
52 170 53 171
124 111 125 110
6 68 5 69
134 24 133 25
59 187 59 186
44 89 43 89
96 2 95 2
3 43 3 42
111 130 111 129
35 87 36 87
104 4 103 4
55 90 54 90
45 161 45 162
61 193 61 194
1 47 1 46
57 186 57 185
60 191 60 190
85 4 86 4
76 159 76 158
1 50 1 51
10 82 10 82
4 67 4 67
44 145 44 145
2 62 2 62
39 132 39 132
54 3 54 3
37 138 37 138
42 140 42 140
125 112 125 112
139 52 139 52
120 9 120 9
17 78 17 78
50 175 50 175
47 153 47 153
105 81 105 81
41 148 41 148
43 156 43 156
43 143 43 143
112 74 112 74
49 169 49 169
79 173 79 173
107 8 107 8
38 140 38 140
110 6 110 6
1 56 1 56
51 177 51 177
2 53 2 53
12 87 12 87
49 161 49 161
118 8 118 8
109 81 109 81
45 151 45 151
48 167 48 167
135 50 135 50
88 201 88 201
33 126 33 126
7 74 7 74
23 83 23 83
11 84 11 84
95 200 95 200
9 79 9 79
73 197 73 197
81 177 81 177
49 158 49 158
75 154 75 154
8 77 8 77
80 86 80 86
15 94 15 94
85 197 85 197
134 52 134 52
51 163 51 163
125 65 125 65
15 91 15 91
104 197 104 197
133 54 133 54
117 11 117 11
41 151 41 151
78 168 78 168
117 75 117 75
15 77 15 77
133 22 133 22
136 28 136 28
44 159 44 159
47 156 47 156
24 16 24 16
39 143 39 143
117 77 117 77
39 146 39 146
34 130 34 130
1 59 1 59
22 78 22 78
100 197 100 197
25 84 25 84
19 101 19 101
6 72 6 72
26 13 26 13
30 11 30 11
51 166 51 166
49 173 49 173
135 26 135 26
17 99 17 99
116 7 116 7
3 64 3 64
106 79 106 79
53 168 53 168
35 133 35 133
111 80 111 80
46 164 46 164
46 164 46 164
46 164 46 164
46 164 46 164
46 164 46 164
46 164 46 164
46 164 46 164
46 164 46 164
46 164 46 164
46 164 46 164
46 164 46 164
46 164 46 164
46 164 46 164
46 164 46 164
46 164 46 164
46 164 46 164
46 164 46 164
46 164 46 164
46 164 46 164
46 164 46 164
46 164 46 164
46 164 46 164
46 164 46 164
46 164 46 164
46 164 46 164
136 24 136 24
136 24 136 24
136 24 136 24
136 24 136 24
136 24 136 24
46 164 46 164
136 24 136 24
136 24 136 24
136 24 136 24
136 24 136 24
136 24 136 24
136 24 136 24
136 24 136 24
46 164 46 164
136 24 136 24
136 24 136 24
46 5 46 5
46 164 46 164
46 5 46 5
46 5 46 5
46 5 46 5
46 164 46 164
46 5 46 5
46 5 46 5
46 5 46 5
46 5 46 5
127 14 127 14
