120 220
164
14 100 14 164
2 136 2 76
1 25 1 75
45 1 1 1
66 3 105 10
1 166 1 136
10 211 39 218
105 85 100 112
99 117 95 141
114 44 110 68
63 218 84 208
119 13 97 8
1 195 1 173
15 79 15 100
87 186 84 205
107 50 112 32
12 199 12 181
13 181 13 164
45 2 61 2
117 28 114 43
1 198 10 210
49 101 49 86
78 157 76 171
92 156 90 170
72 197 70 211
45 155 45 141
43 219 57 219
62 218 48 218
73 168 73 182
41 205 41 191
95 142 92 155
44 155 44 168
47 128 47 115
48 114 48 101
46 141 46 128
65 3 52 3
85 109 87 97
40 205 40 217
106 85 109 74
90 171 88 182
42 179 42 190
43 179 43 168
88 93 88 82
11 199 11 210
117 27 119 17
84 115 83 124
74 184 75 176
82 128 81 136
74 173 75 165
53 84 52 92
89 6 82 5
73 189 72 196
80 144 81 137
79 154 79 147
66 218 72 215
39 217 45 218
32 218 38 219
50 86 50 80
73 5 78 4
85 110 84 114
60 217 64 217
27 214 30 215
75 175 76 172
74 185 73 188
91 7 94 7
87 96 87 93
87 185 88 183
109 71 110 69
83 125 82 127
107 72 108 74
100 114 99 116
1 2 3 2
78 156 78 154
30 217 28 217
70 212 70 214
104 11 102 11
53 83 53 81
80 147 80 145
52 93 52 95
70 4 68 4
102 98 103 99
6 204 7 205
1 200 2 201
86 196 85 195
105 89 104 88
13 211 12 210
81 5 80 6
104 94 103 93
74 168 74 167
118 14 119 14
100 10 99 10
85 201 85 202
17 214 18 214
25 216 26 216
116 13 115 13
84 206 84 207
101 109 101 110
21 215 22 215
14 79 14 78
33 216 32 216
91 160 91 160
91 160 91 160
107 49 107 49
85 113 85 113
69 214 69 214
71 207 71 207
89 178 89 178
86 100 86 100
115 37 115 37
14 213 14 213
83 207 83 207
112 35 112 35
113 32 113 32
110 10 110 10
112 53 112 53
77 167 77 167
93 148 93 148
111 64 111 64
119 16 119 16
112 59 112 59
97 126 97 126
107 49 107 49
96 137 96 137
108 45 108 45
10 209 10 209
91 160 91 160
113 48 113 48
73 194 73 194
75 181 75 181
75 181 75 181
75 181 75 181
75 181 75 181
75 181 75 181
75 181 75 181
75 181 75 181
75 181 75 181
75 181 75 181
75 181 75 181
75 181 75 181
75 181 75 181
75 181 75 181
75 181 75 181
75 181 75 181
75 181 75 181
75 181 75 181
91 160 91 160
91 160 91 160
91 160 91 160
91 160 91 160
75 181 75 181
91 160 91 160
91 160 91 160
91 160 91 160
75 181 75 181
91 160 91 160
91 160 91 160
91 160 91 160
75 181 75 181
91 160 91 160
91 160 91 160
91 160 91 160
91 160 91 160
91 160 91 160
91 160 91 160
