138 212
283
79 1 33 12
135 92 135 48
30 112 12 76
126 40 90 58
42 136 56 170
59 65 89 58
58 163 69 191
134 20 134 48
134 92 134 119
68 195 56 171
12 75 1 51
30 111 41 134
110 2 130 17
135 120 135 145
31 66 56 66
90 177 96 201
63 66 86 62
137 185 137 162
111 47 129 33
122 204 136 186
23 64 3 54
111 50 91 60
49 142 39 122
102 211 122 203
25 67 46 67
75 128 81 148
88 173 83 153
29 17 11 26
57 161 49 143
136 145 136 164
116 7 98 2
1 42 9 26
131 22 124 38
1 45 8 60
18 20 32 13
75 206 68 192
127 10 113 3
133 27 127 39
84 1 97 3
20 65 9 60
51 68 62 66
110 50 119 45
76 206 86 208
99 211 97 201
39 123 33 115
72 3 82 3
127 63 127 73
72 199 68 190
10 26 18 21
48 9 57 7
119 173 121 182
80 137 78 128
114 117 116 126
120 158 121 167
80 61 89 61
4 37 4 46
123 187 123 178
124 187 124 196
95 1 104 1
129 12 133 20
96 211 88 208
118 144 119 152
118 143 117 135
122 178 122 170
115 45 121 40
117 134 116 127
27 65 34 65
112 51 106 54
127 15 131 20
128 198 124 203
126 10 130 15
131 26 129 32
128 57 128 63
125 40 128 35
1 48 3 53
36 12 31 14
45 8 50 7
104 2 109 2
133 26 133 21
120 157 119 153
70 64 74 63
101 211 97 211
126 73 126 77
50 68 46 68
68 4 72 4
134 88 131 90
81 149 82 152
95 57 98 56
25 17 28 17
8 55 8 58
27 64 24 64
89 176 89 173
125 196 125 199
120 172 120 175
88 2 85 2
22 66 25 66
83 1 80 1
4 56 6 58
123 10 125 12
132 32 133 30
3 35 4 33
63 188 64 190
10 57 10 59
111 3 111 5
52 6 54 6
121 168 121 170
62 4 60 4
56 5 58 5
64 3 66 3
58 65 56 65
131 25 129 25
130 23 130 21
115 6 117 6
76 2 78 2
135 186 136 185
52 159 51 160
121 9 120 8
133 189 132 190
123 41 124 40
125 37 126 36
130 193 129 194
133 88 134 87
36 118 35 119
47 147 46 148
91 57 90 57
45 10 44 10
57 172 57 171
61 64 62 64
90 60 89 60
103 210 102 210
113 116 113 115
77 62 76 62
54 9 53 9
107 51 108 51
41 136 41 135
1 44 1 43
65 183 65 184
77 133 77 133
77 133 77 133
77 133 77 133
77 133 77 133
77 133 77 133
77 133 77 133
77 133 77 133
77 133 77 133
78 64 78 64
24 103 24 103
24 103 24 103
24 103 24 103
24 103 24 103
18 24 18 24
9 27 9 27
9 27 9 27
9 27 9 27
116 205 116 205
70 2 70 2
58 174 58 174
109 209 109 209
45 145 45 145
83 156 83 156
59 167 59 167
43 140 43 140
21 17 21 17
67 187 67 187
114 207 114 207
11 74 11 74
89 209 89 209
92 59 92 59
119 205 119 205
50 144 50 144
14 79 14 79
56 169 56 169
67 65 67 65
69 62 69 62
103 53 103 53
121 162 121 162
82 62 82 62
32 113 32 113
65 179 65 179
46 137 46 137
38 129 38 129
61 184 61 184
96 198 96 198
84 160 84 160
56 160 56 160
77 207 77 207
88 170 88 170
13 63 13 63
42 138 42 138
14 61 14 61
84 60 84 60
101 54 101 54
124 35 124 35
69 197 69 197
60 178 60 178
100 57 100 57
102 56 102 56
106 209 106 209
79 143 79 143
59 176 59 176
131 21 131 21
128 11 128 11
15 81 15 81
105 52 105 52
78 136 78 136
79 129 79 129
25 105 25 105
66 181 66 181
61 169 61 169
94 2 94 2
63 174 63 174
39 131 39 131
47 150 47 150
51 157 51 157
131 34 131 34
16 62 16 62
57 162 57 162
40 133 40 133
19 20 19 20
55 167 55 167
23 101 23 101
75 131 75 131
21 97 21 97
49 152 49 152
20 23 20 23
5 52 5 52
44 129 44 129
64 176 64 176
43 127 43 127
54 156 54 156
47 139 47 139
54 164 54 164
55 158 55 158
9 27 9 27
128 31 128 31
16 83 16 83
22 99 22 99
44 143 44 143
80 146 80 146
48 141 48 141
10 72 10 72
22 63 22 63
2 46 2 46
23 16 23 16
62 186 62 186
77 133 77 133
74 128 74 128
17 21 17 21
82 153 82 153
77 133 77 133
5 31 5 31
117 8 117 8
117 8 117 8
77 133 77 133
61 172 61 172
22 22 22 22
117 8 117 8
53 162 53 162
117 8 117 8
117 8 117 8
117 8 117 8
117 8 117 8
77 133 77 133
77 133 77 133
77 133 77 133
77 133 77 133
77 133 77 133
77 133 77 133
77 133 77 133
117 8 117 8
77 133 77 133
77 133 77 133
77 133 77 133
77 133 77 133
77 133 77 133
117 8 117 8
117 8 117 8
117 8 117 8
77 133 77 133
77 133 77 133
117 8 117 8
117 8 117 8
77 133 77 133
