151 221
325
37 119 73 208
7 36 90 16
48 124 69 177
96 170 79 117
103 2 53 14
70 178 82 214
129 161 136 198
37 118 21 84
100 183 111 218
21 23 54 15
120 122 127 154
9 54 21 83
112 220 140 206
93 15 121 2
143 149 148 178
113 219 85 219
118 114 112 89
131 60 131 81
115 1 95 5
32 97 44 113
133 90 136 109
119 47 119 28
140 205 150 191
127 163 131 178
7 49 1 36
122 3 109 9
27 24 13 27
74 209 85 218
137 113 139 127
123 13 125 27
127 37 129 51
140 131 142 145
1 34 14 34
80 112 77 100
100 11 90 15
74 103 78 113
96 171 99 181
150 189 148 179
94 5 84 7
44 28 54 26
48 123 44 114
9 28 1 33
139 208 131 212
125 28 127 36
112 2 120 1
137 198 138 206
68 11 76 10
132 80 132 88
123 12 120 5
120 121 118 115
129 52 130 58
76 18 82 17
104 2 110 1
1 35 7 35
126 166 128 171
112 218 117 217
111 220 106 220
24 23 29 23
42 108 39 105
6 36 2 36
128 160 128 156
48 17 52 17
81 216 84 218
18 25 21 24
88 15 91 14
102 218 99 218
122 7 122 4
130 66 127 66
98 14 101 14
12 27 9 27
18 33 15 33
143 200 141 202
7 51 8 53
108 9 106 10
111 89 110 87
116 7 118 6
129 165 128 163
79 116 78 114
74 102 73 100
143 148 142 146
137 112 136 110
140 130 139 128
134 101 135 99
68 20 70 20
131 175 129 175
43 112 43 110
22 34 20 34
64 12 66 12
114 6 114 8
74 19 72 19
86 16 84 16
80 8 82 8
133 87 133 89
26 33 24 33
34 101 35 102
145 164 146 163
146 198 147 197
75 209 74 208
149 194 150 193
80 213 79 212
45 16 46 16
134 93 134 94
40 29 41 29
5 32 5 33
76 20 77 20
64 23 65 23
118 27 118 28
144 152 144 153
68 22 69 22
50 18 51 18
53 16 52 16
57 25 56 25
100 3 101 3
127 155 127 156
130 60 130 59
80 19 81 19
66 21 65 21
147 174 147 175
85 18 84 18
73 21 72 21
58 23 57 23
100 181 100 182
28 32 29 32
45 115 45 115
70 202 70 202
84 131 84 131
104 11 104 11
10 35 10 35
31 103 31 103
93 13 93 13
50 149 50 149
48 144 48 144
66 168 66 168
82 6 82 6
54 159 54 159
135 189 135 189
72 207 72 207
76 194 76 194
78 200 78 200
126 35 126 35
54 162 54 162
72 186 72 186
106 204 106 204
86 137 86 137
107 207 107 207
52 157 52 157
8 28 8 28
112 7 112 7
16 26 16 26
44 134 44 134
69 200 69 200
115 97 115 97
82 212 82 212
58 169 58 169
8 51 8 51
63 160 63 160
60 13 60 13
83 215 83 215
137 210 137 210
124 17 124 17
40 127 40 127
33 107 33 107
36 20 36 20
103 191 103 191
137 203 137 203
67 170 67 170
73 189 73 189
93 162 93 162
77 10 77 10
65 190 65 190
46 139 46 139
57 145 57 145
76 106 76 106
74 8 74 8
38 122 38 122
104 194 104 194
6 29 6 29
60 177 60 177
81 209 81 209
82 125 82 125
18 75 18 75
60 174 60 174
67 195 67 195
83 128 83 128
56 14 56 14
92 159 92 159
2 33 2 33
89 150 89 150
70 180 70 180
122 11 122 11
136 194 136 194
74 192 74 192
64 184 64 184
121 125 121 125
51 130 51 130
68 197 68 197
93 6 93 6
56 143 56 143
42 129 42 129
56 164 56 164
88 147 88 147
42 132 42 132
60 153 60 153
18 78 18 78
101 13 101 13
9 56 9 56
64 187 64 187
22 32 22 32
130 170 130 170
102 188 102 188
130 170 130 170
130 170 130 170
62 182 62 182
104 198 104 198
130 170 130 170
130 170 130 170
91 16 91 16
59 150 59 150
11 61 11 61
130 170 130 170
119 116 119 116
77 112 77 112
56 167 56 167
130 170 130 170
130 170 130 170
48 147 48 147
109 213 109 213
130 170 130 170
110 8 110 8
139 209 139 209
2 37 2 37
130 170 130 170
130 170 130 170
79 203 79 203
80 119 80 119
36 117 36 117
130 170 130 170
54 138 54 138
58 172 58 172
30 101 30 101
130 170 130 170
130 170 130 170
108 210 108 210
60 24 60 24
130 170 130 170
22 85 22 85
53 135 53 135
130 170 130 170
119 120 119 120
141 135 141 135
90 153 90 153
128 47 128 47
69 175 69 175
121 5 121 5
130 170 130 170
130 170 130 170
66 192 66 192
128 165 128 165
130 170 130 170
3 39 3 39
125 147 125 147
130 170 130 170
130 170 130 170
50 128 50 128
12 63 12 63
130 170 130 170
61 155 61 155
62 179 62 179
71 183 71 183
10 58 10 58
23 87 23 87
23 87 23 87
81 122 81 122
52 154 52 154
101 185 101 185
130 170 130 170
130 170 130 170
130 170 130 170
149 186 149 186
129 213 129 213
130 170 130 170
130 170 130 170
110 216 110 216
130 170 130 170
130 170 130 170
130 170 130 170
98 4 98 4
116 5 116 5
62 158 62 158
130 170 130 170
95 168 95 168
130 170 130 170
130 170 130 170
130 170 130 170
50 152 50 152
32 105 32 105
130 170 130 170
130 170 130 170
85 134 85 134
130 170 130 170
130 170 130 170
130 170 130 170
64 163 64 163
102 10 102 10
130 170 130 170
130 170 130 170
16 73 16 73
130 170 130 170
130 170 130 170
130 170 130 170
138 117 138 117
94 165 94 165
130 170 130 170
130 170 130 170
41 106 41 106
130 170 130 170
130 170 130 170
130 170 130 170
14 68 14 68
65 165 65 165
58 148 58 148
88 17 88 17
24 24 24 24
130 170 130 170
112 91 112 91
