132 217
207
108 209 108 151
20 95 33 149
4 38 17 91
49 180 38 132
107 151 107 105
42 187 33 150
122 141 122 169
51 39 24 39
82 216 107 208
127 20 104 32
2 31 27 37
78 36 103 31
130 13 130 38
38 131 32 107
131 13 109 2
121 192 121 168
111 31 89 36
124 120 124 98
123 120 123 141
61 39 81 35
129 58 129 38
50 184 53 203
61 38 42 38
54 207 43 192
19 10 37 6
67 1 85 1
58 2 76 2
129 21 113 29
120 192 109 206
7 34 24 38
104 1 88 1
54 5 39 5
25 97 32 110
77 215 63 212
74 38 88 36
117 4 129 10
106 183 106 170
122 59 124 47
67 112 69 124
4 22 2 34
125 89 125 101
44 4 56 4
14 13 4 18
117 26 107 31
85 2 96 2
71 122 71 111
106 4 116 6
1 28 10 32
126 19 128 10
70 131 71 140
74 161 75 170
77 189 77 180
30 38 39 38
61 212 53 208
19 13 27 9
5 18 1 26
72 146 73 154
108 2 100 3
78 193 79 201
80 212 80 204
128 69 128 77
127 85 127 77
53 40 60 39
61 37 68 37
76 180 76 173
84 215 78 216
131 20 131 14
128 64 128 58
58 3 52 3
128 18 123 21
2 25 1 30
70 130 69 125
104 172 105 177
74 160 73 155
54 205 54 210
15 13 19 11
19 95 18 91
75 37 71 38
122 60 121 64
71 141 72 145
126 85 126 89
3 38 3 34
80 215 81 212
85 37 82 36
129 14 128 17
43 191 42 188
125 43 124 46
105 171 105 174
97 33 100 33
96 3 99 3
106 105 106 102
78 192 78 189
77 3 80 3
110 203 112 201
46 198 48 200
49 181 50 183
124 23 126 22
116 4 114 3
2 21 4 21
26 9 26 11
120 191 120 193
28 37 30 37
79 204 79 202
53 6 51 6
24 8 22 8
94 34 92 34
124 80 126 80
75 173 75 171
34 7 36 7
52 206 53 207
45 196 44 195
51 204 50 203
129 20 128 21
105 4 104 4
51 40 52 40
107 209 106 209
17 13 18 13
70 212 69 212
38 6 39 6
103 210 104 210
12 33 13 33
6 33 5 33
110 32 111 32
31 142 31 142
15 37 15 37
26 101 26 101
52 193 52 193
17 88 17 88
17 88 17 88
17 88 17 88
17 88 17 88
17 88 17 88
17 88 17 88
94 213 94 213
94 213 94 213
94 213 94 213
94 213 94 213
94 213 94 213
94 213 94 213
94 213 94 213
94 213 94 213
28 10 28 10
28 10 28 10
28 10 28 10
28 10 28 10
28 10 28 10
28 10 28 10
28 10 28 10
31 107 31 107
31 107 31 107
31 107 31 107
31 107 31 107
34 112 34 112
34 112 34 112
34 112 34 112
34 112 34 112
34 112 34 112
34 112 34 112
34 112 34 112
34 112 34 112
4 27 4 27
24 97 24 97
122 26 122 26
29 134 29 134
121 22 121 22
34 112 34 112
68 115 68 115
4 31 4 31
48 177 48 177
34 112 34 112
122 5 122 5
100 211 100 211
5 29 5 29
34 112 34 112
126 9 126 9
70 38 70 38
40 139 40 139
30 138 30 138
41 184 41 184
101 31 101 31
13 14 13 14
28 10 28 10
17 11 17 11
119 25 119 25
38 172 38 172
28 10 28 10
11 36 11 36
16 84 16 84
28 7 28 7
94 213 94 213
30 105 30 105
40 180 40 180
7 15 7 15
106 33 106 33
97 212 97 212
37 130 37 130
62 212 62 212
94 213 94 213
72 213 72 213
19 38 19 38
112 4 112 4
17 88 17 88
27 126 27 126
42 147 42 147
126 24 126 24
17 88 17 88
52 199 52 199
