137 217
272
72 113 90 187
42 143 60 198
57 168 39 114
20 15 61 5
88 36 123 19
30 110 41 143
64 40 95 32
54 43 22 43
125 19 97 33
74 2 103 2
124 207 97 216
97 215 90 188
29 108 18 84
58 169 65 192
123 207 136 189
9 58 16 79
25 97 38 114
66 40 87 36
129 10 110 1
131 114 131 93
131 50 131 71
129 31 129 11
130 50 130 31
132 133 132 114
71 212 66 194
7 22 25 17
2 40 20 44
1 38 19 42
133 150 133 133
80 4 63 4
135 179 135 163
79 1 95 1
134 149 134 165
3 41 7 55
123 45 123 59
69 209 61 198
128 8 116 2
83 214 96 216
34 44 21 44
117 21 128 15
110 101 113 113
130 98 130 86
4 38 4 26
75 112 77 123
119 181 117 170
53 41 64 39
136 188 136 177
131 75 131 86
56 7 46 9
51 42 41 42
117 148 118 157
123 204 123 195
120 177 120 168
122 186 122 195
121 177 121 186
115 136 115 127
114 118 114 127
107 1 115 4
55 42 63 41
126 10 122 17
119 160 119 168
3 37 1 30
75 213 82 214
116 140 117 147
103 3 110 3
128 11 128 18
74 3 67 3
22 15 28 16
104 31 108 30
113 118 113 114
66 5 62 5
124 41 124 45
132 75 132 71
74 213 71 211
20 16 17 18
2 30 3 27
101 216 98 215
126 12 125 15
122 207 119 208
18 83 17 80
116 139 116 136
125 206 125 203
118 172 118 169
37 113 35 111
66 204 68 206
126 201 128 199
7 23 5 25
63 200 65 202
127 17 125 18
28 15 26 14
128 78 130 77
51 10 53 9
8 55 8 57
25 45 27 45
1 35 1 37
122 59 122 61
20 42 22 42
78 37 80 37
29 101 27 101
2 39 2 41
52 176 53 175
39 116 38 115
51 173 52 172
121 17 120 18
135 192 134 193
90 34 89 35
33 108 32 107
88 214 89 214
118 159 118 158
34 12 35 12
116 209 117 209
65 194 65 193
47 7 46 7
42 10 43 10
71 113 71 112
97 31 96 31
9 39 8 39
105 1 106 1
6 40 5 40
60 174 60 174
14 71 14 71
106 214 106 214
106 214 106 214
85 213 85 213
106 214 106 214
61 177 61 177
58 168 58 168
106 214 106 214
103 215 103 215
47 140 47 140
60 196 60 196
42 125 42 125
30 13 30 13
42 125 42 125
42 125 42 125
42 125 42 125
42 125 42 125
119 182 119 182
119 182 119 182
51 9 51 9
51 9 51 9
51 9 51 9
51 9 51 9
51 9 51 9
51 9 51 9
51 9 51 9
121 3 121 3
23 97 23 97
46 137 46 137
46 158 46 158
46 158 46 158
46 158 46 158
54 157 54 157
115 22 115 22
11 20 11 20
114 210 114 210
3 44 3 44
15 19 15 19
11 43 11 43
64 190 64 190
76 36 76 36
30 112 30 112
88 180 88 180
59 171 59 171
5 38 5 38
62 180 62 180
37 129 37 129
113 1 113 1
57 187 57 187
34 124 34 124
42 146 42 146
47 161 47 161
49 167 49 167
5 46 5 46
22 95 22 95
53 154 53 154
41 141 41 141
32 118 32 118
125 7 125 7
99 30 99 30
45 155 45 155
52 41 52 41
85 36 85 36
76 114 76 114
38 132 38 132
12 40 12 40
76 39 76 39
17 20 17 20
87 176 87 176
54 42 54 42
55 181 55 181
19 85 19 85
102 32 102 32
43 149 43 149
120 23 120 23
66 197 66 197
10 63 10 63
40 138 40 138
106 31 106 31
29 109 29 109
18 18 18 18
52 151 52 151
28 107 28 107
33 121 33 121
23 17 23 17
6 49 6 49
7 52 7 52
25 16 25 16
73 213 73 213
44 152 44 152
127 8 127 8
111 211 111 211
125 10 125 10
46 158 46 158
59 193 59 193
109 213 109 213
123 4 123 4
46 137 46 137
45 134 45 134
56 163 56 163
9 60 9 60
54 178 54 178
80 213 80 213
44 131 44 131
56 184 56 184
55 160 55 160
41 122 41 122
64 41 64 41
63 187 63 187
51 9 51 9
117 174 117 174
68 38 68 38
70 39 70 39
42 125 42 125
16 77 16 77
106 214 106 214
86 172 86 172
42 125 42 125
21 19 21 19
106 214 106 214
106 214 106 214
106 214 106 214
122 22 122 22
106 214 106 214
106 214 106 214
106 214 106 214
72 116 72 116
106 214 106 214
106 214 106 214
106 214 106 214
106 214 106 214
106 214 106 214
106 214 106 214
106 214 106 214
48 143 48 143
106 214 106 214
106 214 106 214
118 24 118 24
106 214 106 214
106 214 106 214
124 21 124 21
106 214 106 214
106 214 106 214
43 128 43 128
106 214 106 214
106 214 106 214
106 214 106 214
106 214 106 214
106 214 106 214
106 214 106 214
106 214 106 214
21 93 21 93
