136 212
255
93 133 81 181
115 101 100 147
23 156 23 202
135 34 125 76
44 60 6 41
95 63 54 63
98 65 131 49
64 65 97 65
114 102 95 127
95 8 123 22
8 93 21 119
22 127 22 156
68 1 41 1
108 63 132 51
74 207 80 181
124 77 116 102
127 63 118 87
123 19 101 8
35 58 13 47
50 211 73 207
12 180 22 201
86 192 93 170
100 148 93 169
56 2 77 2
100 8 80 3
24 4 6 13
125 20 134 37
1 25 9 42
11 164 11 146
10 130 10 146
32 205 46 211
125 21 112 15
1 28 7 41
85 192 76 203
5 85 7 99
8 115 8 101
9 129 9 115
36 2 23 5
13 10 26 7
48 60 61 62
66 3 79 3
3 67 3 54
4 80 4 67
39 57 51 62
2 41 2 54
94 8 82 4
53 4 41 2
127 50 132 39
123 54 113 59
6 14 1 24
80 176 78 187
49 208 49 197
129 25 134 34
53 170 53 160
54 150 54 160
56 140 56 130
1 31 1 41
52 180 52 170
50 188 50 197
55 150 55 141
59 135 60 127
17 46 10 42
4 22 4 30
103 62 95 62
51 188 51 180
122 22 128 27
31 205 24 203
81 6 74 4
48 2 55 3
21 127 21 120
2 33 5 39
133 50 135 44
58 64 64 64
12 164 12 170
14 47 9 44
78 182 79 177
12 174 12 179
113 109 111 105
129 29 126 26
85 193 82 196
103 64 107 63
95 122 96 126
113 62 117 61
54 62 50 61
79 64 83 64
91 64 87 64
5 80 5 84
57 126 57 130
94 133 94 129
9 40 12 42
36 58 39 59
27 6 24 7
102 61 105 61
7 94 7 91
48 208 48 211
37 2 40 2
135 39 135 42
132 38 132 35
129 49 131 47
106 111 108 109
124 76 122 75
110 113 111 115
21 4 19 5
81 176 81 178
101 65 101 63
35 3 33 3
49 211 47 211
75 206 73 206
86 66 84 66
131 55 131 57
78 201 78 199
5 90 5 92
125 51 126 50
125 71 124 70
108 120 109 121
130 51 129 52
132 45 131 44
109 117 110 118
105 129 106 130
111 111 112 112
125 73 124 73
95 128 95 129
128 60 128 61
115 104 115 103
99 8 98 8
27 3 26 3
21 115 21 116
116 100 116 99
62 62 63 62
111 60 111 61
130 60 130 59
15 9 16 9
7 100 7 101
3 21 3 22
2 19 2 19
2 19 2 19
2 19 2 19
2 19 2 19
2 19 2 19
2 19 2 19
2 19 2 19
2 19 2 19
2 19 2 19
2 19 2 19
2 19 2 19
105 133 105 133
105 133 105 133
105 133 105 133
105 133 105 133
105 133 105 133
105 133 105 133
105 133 105 133
105 133 105 133
105 133 105 133
18 10 18 10
127 55 127 55
127 55 127 55
127 55 127 55
127 55 127 55
127 55 127 55
127 55 127 55
127 55 127 55
127 55 127 55
127 55 127 55
127 55 127 55
110 11 110 11
27 53 27 53
7 13 7 13
100 119 100 119
87 5 87 5
25 52 25 52
57 61 57 61
21 50 21 50
120 80 120 80
97 155 97 155
88 188 88 188
110 14 110 14
104 10 104 10
122 86 122 86
125 56 125 56
28 56 28 56
46 61 46 61
104 136 104 136
120 92 120 92
134 32 134 32
92 140 92 140
118 98 118 98
101 145 101 145
83 170 83 170
22 199 22 199
69 207 69 207
17 189 17 189
3 17 3 17
108 13 108 13
121 89 121 89
29 205 29 205
126 65 126 65
9 10 9 10
98 121 98 121
94 168 94 168
126 68 126 68
24 202 24 202
114 13 114 13
100 63 100 63
29 54 29 54
96 162 96 162
118 85 118 85
92 172 92 172
91 144 91 144
93 136 93 136
103 139 103 139
17 108 17 108
132 53 132 53
52 2 52 2
122 78 122 78
85 162 85 162
20 195 20 195
127 55 127 55
19 193 19 193
60 210 60 210
82 174 82 174
127 55 127 55
90 178 90 178
95 125 95 125
10 98 10 98
107 123 107 123
99 149 99 149
5 32 5 32
15 104 15 104
105 133 105 133
133 30 133 30
33 206 33 206
16 106 16 106
105 133 105 133
8 94 8 94
112 12 112 12
89 7 89 7
105 133 105 133
4 15 4 15
22 53 22 53
126 23 126 23
98 10 98 10
37 206 37 206
39 207 39 207
24 54 24 54
2 19 2 19
95 165 95 165
133 37 133 37
26 55 26 55
2 19 2 19
13 185 13 185
89 185 89 185
76 204 76 204
2 19 2 19
25 5 25 5
