146 188
367
101 110 59 110
22 96 56 112
34 133 45 168
14 101 29 133
37 134 69 147
111 106 137 85
132 101 118 131
143 74 129 104
105 106 130 86
36 101 28 71
96 180 103 151
19 17 45 4
48 178 35 152
12 96 3 69
60 113 88 113
108 10 132 23
6 80 27 97
123 118 107 139
12 88 32 104
114 98 122 74
115 139 107 163
77 2 52 2
134 25 145 47
124 15 102 4
129 89 140 67
67 1 91 1
133 29 143 49
143 62 138 83
60 75 60 96
92 181 72 187
29 15 13 27
90 141 72 147
14 89 5 73
29 134 35 151
70 177 70 159
59 57 59 75
128 107 136 91
114 101 128 90
43 105 60 109
55 180 71 187
90 2 106 9
1 54 5 70
10 27 3 41
20 17 10 29
4 47 4 62
62 111 77 111
42 7 56 3
92 70 95 56
133 25 121 18
98 174 106 163
47 109 34 105
11 82 21 91
102 109 114 103
33 134 26 124
145 62 143 50
99 107 87 109
104 151 107 140
133 84 138 74
1 53 3 42
69 159 69 148
124 21 132 28
52 3 42 6
142 56 140 66
80 2 89 5
143 73 145 64
71 186 71 177
89 97 89 88
61 96 61 105
121 72 118 64
93 2 101 4
97 111 89 112
138 81 135 88
37 9 30 12
55 6 62 3
91 141 98 139
49 179 56 181
118 132 116 139
87 108 88 101
1 62 2 69
97 172 98 165
91 74 91 81
90 88 90 81
118 102 123 98
81 112 87 111
60 57 61 51
105 104 111 104
145 48 145 54
124 17 129 20
127 88 131 84
6 69 7 74
82 3 77 3
66 104 66 109
10 79 13 83
59 1 64 1
142 42 144 46
127 92 125 96
46 173 44 169
124 92 122 96
139 75 137 79
131 26 128 23
23 95 20 92
108 103 109 107
61 109 65 109
28 15 24 15
105 8 109 8
17 23 17 19
51 109 55 109
81 109 85 109
72 150 72 146
113 8 113 12
123 15 126 17
32 103 35 105
14 100 13 97
46 4 49 3
40 154 41 157
92 71 92 74
60 112 57 112
104 106 101 106
88 97 88 100
13 24 11 26
119 125 117 127
112 102 114 100
117 98 119 96
109 135 107 137
15 90 17 88
23 98 25 100
95 180 93 181
97 165 96 167
143 40 142 38
144 59 143 61
39 105 41 106
10 84 11 86
103 7 103 5
58 142 60 142
111 9 111 11
23 19 25 19
107 9 107 7
28 11 28 13
115 11 115 9
130 92 128 92
1 59 1 61
141 77 139 77
2 45 2 43
121 73 121 75
26 14 26 12
89 2 87 2
53 5 55 5
142 55 142 53
18 94 19 95
43 167 44 166
104 167 103 168
21 22 20 23
133 30 132 29
101 171 100 172
113 132 114 131
41 135 40 136
128 89 129 88
42 162 43 163
25 96 26 95
4 75 4 74
57 108 58 108
5 77 5 78
3 72 3 71
48 110 49 110
43 136 44 136
98 176 98 175
54 3 55 3
97 6 97 6
41 163 41 163
115 141 115 141
86 182 86 182
143 46 143 46
128 106 128 106
30 10 30 10
36 7 36 7
114 144 114 144
48 138 48 138
8 86 8 86
142 71 142 71
37 145 37 145
84 111 84 111
49 108 49 108
110 156 110 156
133 88 133 88
49 6 49 6
53 140 53 140
115 104 115 104
115 97 115 97
38 148 38 148
51 111 51 111
7 79 7 79
36 142 36 142
5 69 5 69
28 132 28 132
83 183 83 183
46 170 46 170
47 5 47 5
45 109 45 109
85 4 85 4
93 61 93 61
34 147 34 147
120 78 120 78
142 75 142 75
63 144 63 144
119 98 119 98
9 84 9 84
56 141 56 141
32 141 32 141
97 167 97 167
15 88 15 88
35 139 35 139
103 154 103 154
88 142 88 142
41 108 41 108
93 4 93 4
139 38 139 38
74 186 74 186
123 96 123 96
16 23 16 23
141 40 141 40
117 12 117 12
41 104 41 104
137 28 137 28
43 159 43 159
119 130 119 130
20 116 20 116
22 92 22 92
43 107 43 107
11 79 11 79
92 109 92 109
118 133 118 133
100 107 100 107
35 101 35 101
119 81 119 81
107 103 107 103
24 13 24 13
121 122 121 122
24 120 24 120
145 63 145 63
119 13 119 13
121 122 121 122
121 122 121 122
119 17 119 17
88 112 88 112
121 122 121 122
91 3 91 3
141 65 141 65
121 122 121 122
95 179 95 179
28 126 28 126
121 122 121 122
121 122 121 122
138 30 138 30
31 138 31 138
34 136 34 136
121 122 121 122
144 42 144 42
117 91 117 91
121 122 121 122
121 122 121 122
145 69 145 69
107 141 107 141
121 122 121 122
66 186 66 186
12 84 12 84
121 122 121 122
121 122 121 122
78 144 78 144
121 122 121 122
121 122 121 122
121 122 121 122
121 122 121 122
121 122 121 122
121 122 121 122
121 122 121 122
121 122 121 122
121 122 121 122
121 122 121 122
121 122 121 122
121 122 121 122
121 122 121 122
121 122 121 122
121 122 121 122
121 122 121 122
121 122 121 122
121 122 121 122
121 122 121 122
121 122 121 122
121 122 121 122
121 122 121 122
121 122 121 122
121 122 121 122
121 122 121 122
121 122 121 122
121 122 121 122
121 122 121 122
121 122 121 122
121 122 121 122
55 111 55 111
55 111 55 111
123 99 123 99
121 122 121 122
123 99 123 99
35 150 35 150
30 135 30 135
112 150 112 150
100 168 100 168
116 94 116 94
30 102 30 102
121 122 121 122
98 111 98 111
42 165 42 165
32 9 32 9
121 122 121 122
15 102 15 102
96 176 96 176
68 146 68 146
121 122 121 122
113 147 113 147
118 88 118 88
140 34 140 34
118 84 118 84
51 139 51 139
1 49 1 49
90 182 90 182
121 122 121 122
39 151 39 151
66 145 66 145
141 36 141 36
121 122 121 122
75 145 75 145
142 48 142 48
77 185 77 185
121 122 121 122
106 164 106 164
127 114 127 114
121 122 121 122
121 122 121 122
111 153 111 153
121 122 121 122
121 122 121 122
121 122 121 122
93 67 93 67
139 32 139 32
121 122 121 122
121 122 121 122
12 94 12 94
121 122 121 122
121 122 121 122
121 122 121 122
107 108 107 108
15 25 15 25
129 110 129 110
121 122 121 122
90 140 90 140
121 122 121 122
121 122 121 122
121 122 121 122
30 75 30 75
52 179 52 179
121 122 121 122
121 122 121 122
101 109 101 109
121 122 121 122
121 122 121 122
121 122 121 122
36 153 36 153
