155 201
280
58 197 98 144
115 126 153 76
38 193 65 139
28 125 16 173
109 130 78 168
10 116 3 155
108 10 71 1
22 32 39 66
64 83 98 91
140 35 114 15
65 82 41 64
131 90 154 73
119 15 141 33
101 92 128 92
141 36 154 58
12 190 1 167
154 57 143 35
58 80 40 66
126 94 146 84
80 167 67 183
14 91 24 109
24 41 33 59
78 85 87 67
13 190 31 199
104 95 124 95
151 68 143 84
79 171 68 185
39 5 56 1
50 70 57 55
57 1 73 5
85 91 101 94
73 84 59 77
23 25 30 11
117 123 106 134
21 36 19 50
13 98 11 112
15 173 11 186
47 5 35 11
153 58 153 71
72 86 84 91
14 80 16 68
114 16 104 10
99 9 88 6
95 145 102 136
133 27 142 34
119 16 109 11
31 200 42 200
39 6 30 12
111 76 113 86
50 198 60 196
34 55 40 63
151 57 151 67
134 89 142 84
133 30 140 36
14 81 13 90
25 33 25 24
31 53 35 61
64 1 72 3
131 89 123 91
2 158 1 166
18 54 17 62
112 93 104 93
118 16 124 20
64 146 68 140
23 33 23 26
63 82 57 80
42 199 48 199
26 39 26 33
55 3 49 3
27 46 30 51
38 194 35 199
149 80 152 75
138 90 133 92
112 86 110 91
13 91 14 96
154 59 154 64
152 71 150 75
131 23 134 26
41 63 44 66
74 4 78 3
17 63 16 67
154 74 154 70
72 175 70 178
124 94 127 93
99 10 102 9
31 10 34 11
24 40 23 37
108 11 105 10
22 31 22 28
115 94 112 94
69 179 69 176
29 125 29 122
99 91 102 91
36 59 38 61
123 117 125 115
128 21 126 23
94 147 92 149
144 81 143 83
18 53 19 51
11 113 10 115
66 82 68 83
85 89 83 90
145 42 145 44
65 143 65 145
86 159 86 161
82 2 80 2
88 4 90 4
92 5 94 5
102 94 104 94
84 3 86 3
87 90 89 90
98 6 96 6
132 90 132 88
44 5 46 5
117 18 119 18
123 21 121 21
65 189 65 187
141 91 141 93
54 75 56 75
152 50 150 50
142 39 141 38
150 81 151 80
49 74 50 75
120 119 119 120
81 168 80 169
147 79 148 78
143 36 142 35
84 164 83 165
83 163 82 164
46 69 47 70
36 7 37 6
63 192 62 193
136 100 135 101
42 67 43 68
46 72 45 71
146 77 145 78
51 73 50 72
149 48 148 47
90 152 89 153
139 85 140 84
73 180 72 181
2 157 3 156
143 88 144 87
134 87 135 86
135 30 134 29
131 27 130 26
127 112 126 113
72 5 71 5
62 1 63 1
21 35 21 34
26 43 26 44
49 198 48 198
36 9 37 9
76 85 75 85
69 1 70 1
43 3 42 3
81 4 82 4
85 5 86 5
152 56 152 57
73 2 74 2
101 7 100 7
60 2 59 2
27 41 27 40
52 166 52 166
52 166 52 166
52 166 52 166
52 166 52 166
52 166 52 166
52 166 52 166
52 166 52 166
52 166 52 166
153 75 153 75
6 141 6 141
100 138 100 138
100 138 100 138
100 138 100 138
70 176 70 176
151 48 151 48
71 86 71 86
112 85 112 85
113 128 113 128
24 24 24 24
25 37 25 37
35 57 35 57
41 188 41 188
68 141 68 141
25 18 25 18
150 46 150 46
13 182 13 182
131 93 131 93
150 69 150 69
29 54 29 54
14 179 14 179
101 136 101 136
12 185 12 185
28 198 28 198
51 69 51 69
20 46 20 46
64 81 64 81
53 164 53 164
27 132 27 132
128 91 128 91
148 42 148 42
15 77 15 77
27 50 27 50
69 85 69 85
36 10 36 10
46 178 46 178
48 174 48 174
51 168 51 168
47 176 47 176
97 93 97 93
50 170 50 170
14 191 14 191
151 52 151 52
23 142 23 142
43 184 43 184
147 83 147 83
61 195 61 195
10 188 10 188
8 131 8 131
12 102 12 102
2 164 2 164
5 146 5 146
26 16 26 16
149 44 149 44
147 45 147 45
101 11 101 11
4 151 4 151
20 40 20 40
132 105 132 105
93 91 93 91
40 190 40 190
62 82 62 82
7 136 7 136
28 128 28 128
141 86 141 86
24 194 24 194
54 162 54 162
42 186 42 186
9 120 9 120
47 2 47 2
33 53 33 53
46 7 46 7
44 182 44 182
52 166 52 166
28 52 28 52
138 97 138 97
15 71 15 71
52 166 52 166
97 142 97 142
91 93 91 93
129 22 129 22
52 166 52 166
71 179 71 179
95 90 95 90
95 90 95 90
95 90 95 90
95 90 95 90
95 90 95 90
95 90 95 90
95 90 95 90
95 90 95 90
95 90 95 90
95 90 95 90
95 90 95 90
95 90 95 90
52 166 52 166
52 166 52 166
52 166 52 166
52 166 52 166
52 166 52 166
52 166 52 166
52 166 52 166
52 166 52 166
52 166 52 166
52 166 52 166
95 90 95 90
52 166 52 166
52 166 52 166
