146 188
337
65 179 43 136
101 105 101 58
22 110 1 68
41 110 86 110
100 5 135 22
36 74 50 109
108 105 136 82
51 4 21 19
24 114 44 140
96 1 64 1
87 3 55 3
75 147 46 137
76 147 85 176
69 72 74 101
140 70 122 93
103 3 127 15
88 187 113 179
103 138 79 146
130 116 115 136
140 74 134 98
130 82 113 99
21 20 6 38
80 113 102 108
136 102 131 124
3 75 13 95
12 32 29 18
141 81 137 102
114 142 114 163
89 108 109 103
42 109 24 99
141 80 145 60
140 62 131 80
133 26 142 44
144 41 135 23
125 160 113 176
10 85 24 97
12 88 25 99
22 19 37 12
1 58 5 74
63 4 47 8
24 102 38 109
112 103 124 93
93 109 78 109
145 44 145 59
143 46 143 61
74 114 59 114
5 40 2 54
74 181 87 187
112 6 124 12
139 73 134 85
54 4 42 9
25 102 15 94
133 110 126 120
128 142 126 154
57 113 45 111
53 109 41 107
128 141 130 129
112 98 122 92
132 24 123 17
113 98 103 103
101 2 90 2
113 174 113 163
125 63 129 73
132 19 123 14
5 66 5 56
65 111 75 111
123 88 130 81
88 186 85 177
66 179 75 182
75 113 84 111
67 64 67 55
142 61 140 69
142 49 141 57
127 83 128 75
4 48 4 56
68 2 76 2
92 3 99 5
64 112 57 111
115 135 115 142
57 162 60 168
108 104 102 107
133 99 131 105
140 34 142 40
6 73 7 79
68 64 68 70
116 173 113 178
119 92 116 97
110 164 112 169
142 70 141 75
64 2 59 2
130 23 133 27
12 86 10 82
20 94 22 98
34 128 31 125
138 78 142 77
37 108 41 109
126 155 125 159
74 102 75 106
132 115 132 111
46 136 42 136
1 63 1 67
25 114 23 111
56 4 53 6
13 91 16 89
141 58 140 61
131 125 130 128
102 58 102 55
80 108 80 105
68 52 68 55
79 150 79 147
116 136 113 136
22 25 20 27
120 98 122 96
126 20 128 22
38 133 36 131
10 32 8 34
6 40 7 38
112 166 111 164
137 81 138 79
136 73 138 74
1 57 2 55
46 109 48 109
57 7 55 7
82 2 80 2
119 167 119 169
25 21 25 19
56 109 54 109
112 178 112 180
141 32 139 32
54 156 52 156
15 29 17 29
134 77 134 79
87 4 89 4
121 127 121 129
4 69 2 69
127 88 126 89
108 6 107 7
127 19 128 20
26 116 27 117
137 71 138 72
133 22 134 23
129 89 128 90
17 90 16 91
30 123 29 122
117 132 116 133
96 141 95 140
16 96 17 97
20 99 21 100
139 81 140 82
123 162 122 163
93 142 92 141
20 96 19 95
45 142 44 141
59 113 58 113
44 108 43 108
27 18 28 18
16 27 17 27
134 107 134 106
69 71 69 70
144 43 144 42
128 74 128 73
143 66 143 67
142 45 142 46
37 105 37 105
45 95 45 95
70 82 70 82
61 4 61 4
113 10 113 10
136 105 136 105
42 7 42 7
25 98 25 98
38 77 38 77
99 108 99 108
8 81 8 81
133 109 133 109
139 93 139 93
49 150 49 150
131 19 131 19
93 185 93 185
121 16 121 16
74 147 74 147
27 103 27 103
57 140 57 140
110 5 110 5
36 10 36 10
143 36 143 36
98 139 98 139
126 64 126 64
133 98 133 98
89 112 89 112
41 85 41 85
39 106 39 106
54 139 54 139
142 64 142 64
51 138 51 138
140 30 140 30
65 178 65 178
55 158 55 158
130 84 130 84
102 182 102 182
142 41 142 41
61 170 61 170
79 113 79 113
139 35 139 35
82 168 82 168
78 152 78 152
115 95 115 95
30 13 30 13
71 180 71 180
39 80 39 80
64 176 64 176
120 91 120 91
95 3 95 3
87 144 87 144
46 144 46 144
101 6 101 6
72 92 72 92
63 174 63 174
80 162 80 162
3 45 3 45
42 91 42 91
139 63 139 63
38 9 38 9
135 75 135 75
129 18 129 18
51 154 51 154
93 111 93 111
77 149 77 149
134 86 134 86
59 6 59 6
137 103 137 103
141 43 141 43
40 8 40 8
138 69 138 69
45 98 45 98
105 181 105 181
47 146 47 146
46 101 46 101
14 97 14 97
83 112 83 112
115 11 115 11
71 146 71 146
138 98 138 98
125 62 125 62
106 103 106 103
96 184 96 184
130 113 130 113
35 74 35 74
44 111 44 111
36 76 36 76
44 111 44 111
81 146 81 146
84 174 84 174
21 107 21 107
44 111 44 111
8 33 8 33
134 29 134 29
44 111 44 111
44 111 44 111
135 91 135 91
44 111 44 111
44 111 44 111
44 111 44 111
44 111 44 111
44 111 44 111
44 111 44 111
44 111 44 111
44 111 44 111
44 111 44 111
44 111 44 111
44 111 44 111
44 111 44 111
44 111 44 111
44 111 44 111
44 111 44 111
44 111 44 111
44 111 44 111
44 111 44 111
44 111 44 111
44 111 44 111
44 111 44 111
44 111 44 111
44 111 44 111
44 111 44 111
44 111 44 111
44 111 44 111
44 111 44 111
44 111 44 111
44 111 44 111
44 111 44 111
44 111 44 111
44 111 44 111
44 111 44 111
44 111 44 111
44 111 44 111
44 111 44 111
44 111 44 111
44 111 44 111
44 111 44 111
44 111 44 111
44 111 44 111
44 111 44 111
44 111 44 111
44 111 44 111
44 111 44 111
44 111 44 111
44 111 44 111
44 111 44 111
43 93 43 93
44 111 44 111
50 152 50 152
108 4 108 4
88 184 88 184
44 111 44 111
138 85 138 85
44 135 44 135
111 9 111 9
44 111 44 111
81 111 81 111
2 73 2 73
32 12 32 12
132 85 132 85
134 95 134 95
22 109 22 109
98 4 98 4
44 111 44 111
117 100 117 100
11 87 11 87
44 111 44 111
44 111 44 111
14 93 14 93
44 111 44 111
44 111 44 111
44 111 44 111
102 3 102 3
83 171 83 171
47 103 47 103
