136 228
233
112 113 91 200
118 94 135 27
71 225 37 225
104 9 132 23
98 100 92 128
78 191 72 219
86 155 80 183
36 224 9 215
85 223 91 201
33 1 54 1
90 135 86 154
83 4 101 8
127 41 121 57
116 96 112 112
70 227 84 223
2 208 14 216
67 78 64 92
43 200 41 214
19 158 17 172
14 189 12 203
64 1 78 3
55 129 57 117
49 224 37 222
52 148 50 160
59 104 57 116
47 177 49 165
46 183 44 195
78 185 78 173
61 92 59 103
58 226 47 226
26 218 36 222
14 188 16 178
100 84 100 94
81 170 79 179
15 72 16 81
7 151 6 160
21 140 20 149
10 128 9 137
14 94 13 103
22 136 22 127
21 27 21 18
24 110 24 119
11 125 11 116
28 79 28 88
18 53 18 44
15 91 15 82
16 62 16 71
23 6 31 2
62 87 63 79
25 107 26 99
54 135 53 143
4 172 4 180
8 140 8 148
23 127 23 119
12 108 12 116
19 36 19 44
17 61 17 53
20 35 20 27
20 150 19 157
27 91 26 98
58 227 65 227
39 221 41 215
24 6 22 12
22 219 28 221
78 190 80 184
5 167 6 161
11 206 11 212
13 216 8 213
91 134 92 129
35 2 30 3
98 99 99 94
2 193 1 198
2 190 3 185
120 84 119 79
29 79 29 74
1 206 1 201
105 10 101 9
46 182 47 178
16 177 17 173
55 130 54 134
13 104 13 108
131 23 134 25
72 220 71 223
61 91 62 88
79 3 82 4
14 218 17 217
44 196 43 199
52 147 53 144
49 164 50 161
21 139 21 136
5 169 5 172
22 18 22 15
20 218 18 219
109 12 107 11
3 209 5 209
25 108 25 110
10 125 10 127
9 138 9 140
14 91 14 93
77 188 77 186
7 150 7 148
27 90 27 88
117 94 117 96
117 14 117 16
119 15 119 17
3 182 3 180
9 213 10 212
2 206 3 207
6 211 7 212
72 227 71 227
92 197 92 198
62 1 63 1
111 115 111 114
12 204 12 205
135 31 135 30
110 119 110 118
116 100 116 99
15 71 15 70
93 5 92 5
63 78 63 77
79 173 79 172
121 16 121 16
96 6 96 6
94 7 94 7
73 3 73 3
94 189 94 189
127 19 127 19
27 219 27 219
27 219 27 219
27 219 27 219
27 219 27 219
27 219 27 219
27 219 27 219
27 219 27 219
27 219 27 219
27 219 27 219
27 219 27 219
27 219 27 219
27 219 27 219
27 219 27 219
27 219 27 219
27 219 27 219
27 219 27 219
27 219 27 219
27 219 27 219
27 219 27 219
27 219 27 219
27 219 27 219
7 156 7 156
7 156 7 156
7 156 7 156
7 156 7 156
7 156 7 156
7 156 7 156
7 156 7 156
7 156 7 156
7 156 7 156
129 54 129 54
129 54 129 54
12 217 12 217
12 217 12 217
12 217 12 217
51 157 51 157
42 204 42 204
34 223 34 223
34 223 34 223
60 102 60 102
60 102 60 102
81 172 81 172
85 158 85 158
114 107 114 107
84 162 84 162
16 82 16 82
79 185 79 185
18 162 18 162
71 224 71 224
42 210 42 210
107 131 107 131
105 139 105 139
125 45 125 45
13 193 13 193
60 102 60 102
123 17 123 17
118 92 118 92
91 130 91 130
34 223 34 223
94 121 94 121
90 139 90 139
93 193 93 193
12 217 12 217
128 58 128 58
95 185 95 185
97 103 97 103
102 151 102 151
106 135 106 135
122 82 122 82
58 114 58 114
7 156 7 156
37 224 37 224
129 20 129 20
123 50 123 50
7 156 7 156
132 42 132 42
131 46 131 46
101 155 101 155
7 156 7 156
88 215 88 215
56 120 56 120
96 181 96 181
73 216 73 216
125 48 125 48
113 111 113 111
42 222 42 222
27 219 27 219
15 187 15 187
124 74 124 74
103 147 103 147
27 219 27 219
123 53 123 53
31 222 31 222
76 198 76 198
27 219 27 219
130 50 130 50
79 189 79 189
99 98 99 98
77 194 77 194
109 123 109 123
127 62 127 62
123 78 123 78
27 219 27 219
126 66 126 66
82 176 82 176
115 103 115 103
