153 218
301
125 102 89 174
30 110 17 177
152 47 126 101
147 35 101 12
40 202 55 155
70 38 115 50
62 3 100 12
89 175 73 206
83 43 116 51
85 164 71 194
55 154 65 123
112 16 140 30
131 86 145 60
39 23 65 36
10 204 36 217
90 152 102 126
103 123 122 104
70 37 46 25
16 177 10 203
71 196 61 216
118 107 103 122
58 217 37 217
28 11 44 24
134 54 152 45
9 203 1 185
139 51 122 51
151 41 138 31
29 8 26 24
6 156 3 172
18 87 18 72
11 128 8 142
25 30 23 44
73 205 63 215
13 113 11 127
149 51 149 37
36 216 40 203
30 10 36 21
8 143 6 155
23 45 21 57
16 96 14 108
112 18 101 13
123 53 135 53
50 1 61 3
85 163 90 153
71 115 67 125
35 1 45 4
77 7 67 5
128 52 118 52
76 180 72 189
40 22 32 17
64 213 70 207
1 183 2 175
19 69 20 61
31 109 32 101
151 43 150 50
141 52 148 52
71 195 74 189
66 120 68 114
16 95 17 89
35 2 30 5
125 104 120 107
95 12 100 14
52 3 47 1
152 44 150 39
117 51 122 50
55 216 60 216
23 210 27 212
78 199 76 203
30 14 33 17
25 29 26 25
147 47 148 51
45 3 49 3
31 5 31 9
40 23 37 21
41 2 44 1
74 181 73 184
74 38 71 37
13 112 14 109
104 120 105 117
72 7 74 8
148 37 146 36
20 60 21 58
116 49 118 50
80 42 82 42
67 37 67 35
81 6 79 6
19 70 19 72
17 78 17 80
102 125 103 124
126 102 125 103
29 7 30 6
3 173 2 174
65 122 66 121
45 24 44 23
86 43 85 43
144 34 143 34
17 88 17 87
140 50 141 50
105 48 106 48
138 54 137 54
92 11 93 11
87 8 88 8
101 47 102 47
64 4 65 4
92 9 91 9
80 40 81 40
83 7 84 7
119 111 119 110
30 11 30 12
60 2 59 2
28 9 28 10
77 39 76 39
131 24 131 24
37 210 37 210
31 216 31 216
148 46 148 46
90 173 90 173
115 119 115 119
79 197 79 197
82 191 82 191
35 216 35 216
29 119 29 119
26 28 26 28
77 183 77 183
49 176 49 176
91 171 91 171
50 173 50 173
132 83 132 83
133 88 133 88
81 171 81 171
68 201 68 201
109 131 109 131
126 25 126 25
145 50 145 50
60 137 60 137
99 11 99 11
67 126 67 126
148 36 148 36
56 153 56 153
136 82 136 82
135 84 135 84
68 124 68 124
83 167 83 167
67 115 67 115
114 19 114 19
43 194 43 194
12 123 12 123
19 208 19 208
62 131 62 131
133 54 133 54
21 159 21 159
41 200 41 200
75 5 75 5
118 21 118 21
51 166 51 166
59 144 59 144
142 31 142 31
57 150 57 150
37 214 37 214
131 92 131 92
54 32 54 32
46 185 46 185
128 98 128 98
4 162 4 162
24 138 24 138
90 44 90 44
137 80 137 80
80 195 80 195
131 85 131 85
21 209 21 209
92 169 92 169
114 121 114 121
45 188 45 188
122 23 122 23
61 134 61 134
94 165 94 165
108 133 108 133
44 191 44 191
106 137 106 137
27 15 27 15
120 22 120 22
65 211 65 211
84 165 84 165
110 129 110 129
38 207 38 207
78 181 78 181
89 10 89 10
134 29 134 29
54 157 54 157
132 28 132 28
127 100 127 100
23 143 23 143
52 31 52 31
22 47 22 47
48 179 48 179
130 27 130 27
60 35 60 35
13 207 13 207
101 127 101 127
147 56 147 56
134 86 134 86
132 90 132 90
47 25 47 25
129 96 129 96
111 127 111 127
116 20 116 20
70 197 70 197
136 30 136 30
148 54 148 54
138 78 138 78
71 191 71 191
15 99 15 99
63 128 63 128
108 14 108 14
24 34 24 34
15 99 15 99
15 99 15 99
95 163 95 163
139 76 139 76
11 204 11 204
15 99 15 99
64 125 64 125
93 167 93 167
15 99 15 99
20 164 20 164
15 99 15 99
15 99 15 99
28 124 28 124
128 26 128 26
113 123 113 123
17 173 17 173
75 187 75 187
99 131 99 131
98 133 98 133
15 99 15 99
30 114 30 114
71 4 71 4
33 2 33 2
133 81 133 81
69 36 69 36
60 141 60 141
116 117 116 117
15 99 15 99
56 33 56 33
82 169 82 169
31 110 31 110
15 99 15 99
107 135 107 135
49 1 49 1
49 1 49 1
47 182 47 182
49 176 49 176
146 58 146 58
5 157 5 157
63 216 63 216
124 24 124 24
93 147 93 147
76 185 76 185
76 185 76 185
92 149 92 149
19 169 19 169
12 117 12 117
12 117 12 117
52 163 52 163
117 114 117 114
117 114 117 114
27 21 27 21
117 114 117 114
76 185 76 185
76 185 76 185
117 114 117 114
7 146 7 146
100 129 100 129
63 216 63 216
137 52 137 52
63 216 63 216
63 216 63 216
15 99 15 99
32 100 32 100
81 193 81 193
15 99 15 99
15 99 15 99
123 107 123 107
15 99 15 99
15 99 15 99
15 99 15 99
123 107 123 107
39 204 39 204
123 107 123 107
15 99 15 99
123 107 123 107
15 99 15 99
15 99 15 99
15 99 15 99
25 133 25 133
5 157 5 157
15 99 15 99
15 99 15 99
5 157 5 157
15 99 15 99
83 189 83 189
