134 227
204
1 27 17 93
18 94 32 152
48 166 36 115
67 98 75 142
52 183 60 226
83 183 90 222
61 1 99 1
88 225 121 217
32 153 39 183
76 145 81 174
40 186 46 213
29 87 35 111
25 10 3 21
59 226 80 226
63 79 67 97
112 218 95 222
110 39 110 22
110 162 114 177
100 71 103 86
121 216 133 207
58 2 44 5
43 5 29 8
49 168 52 182
47 219 59 225
76 223 89 223
120 81 120 93
133 197 133 208
121 92 121 103
114 20 114 9
119 74 119 84
113 6 104 2
115 25 116 34
110 135 111 144
106 108 107 117
67 82 68 91
131 180 131 189
130 181 130 172
126 138 126 147
125 129 125 138
117 39 117 48
118 57 118 48
124 120 124 129
128 164 128 155
123 111 123 120
127 156 127 147
132 188 132 197
69 225 78 225
116 61 120 69
114 166 115 174
112 165 113 157
108 122 109 130
105 99 106 107
117 190 116 182
119 203 118 195
119 204 120 212
129 172 129 164
120 214 113 217
81 175 83 182
119 57 119 64
104 96 104 89
112 148 112 155
115 175 116 181
87 225 81 225
64 225 59 224
113 12 113 7
94 222 89 222
96 2 91 2
3 22 1 26
120 74 120 70
103 2 99 2
107 118 108 121
113 162 114 165
111 162 112 159
110 134 109 131
118 194 117 191
67 81 66 78
26 10 29 9
122 102 122 105
122 108 122 111
115 24 115 21
116 35 116 38
123 214 125 212
119 217 120 215
47 217 46 215
36 114 35 112
59 2 61 2
103 89 103 87
59 223 57 223
111 145 111 147
127 211 128 210
75 143 76 144
39 184 40 185
112 167 112 166
113 156 113 155
105 98 105 97
102 77 102 77
30 145 30 145
31 149 31 149
46 159 46 159
3 34 3 34
66 96 66 96
87 208 87 208
71 117 71 117
42 193 42 193
10 16 10 16
73 133 73 133
38 121 38 121
77 149 77 149
110 165 110 165
21 103 21 103
5 42 5 42
70 112 70 112
47 215 47 215
44 151 44 151
54 192 54 192
23 111 23 111
14 84 14 84
80 170 80 170
105 104 105 104
89 218 89 218
14 14 14 14
51 176 51 176
105 104 105 104
105 104 105 104
2 30 2 30
24 11 24 11
15 88 15 88
74 138 74 138
88 213 88 213
74 138 74 138
74 138 74 138
12 15 12 15
74 138 74 138
74 138 74 138
51 4 51 4
74 138 74 138
74 138 74 138
74 138 74 138
74 138 74 138
74 138 74 138
86 197 86 197
86 197 86 197
86 197 86 197
86 197 86 197
86 197 86 197
86 197 86 197
86 197 86 197
86 197 86 197
86 197 86 197
86 197 86 197
86 197 86 197
86 197 86 197
86 197 86 197
86 197 86 197
86 197 86 197
86 197 86 197
69 107 69 107
69 107 69 107
69 107 69 107
69 107 69 107
69 107 69 107
69 107 69 107
69 107 69 107
69 107 69 107
79 159 79 159
86 197 86 197
85 192 85 192
43 147 43 147
22 107 22 107
86 197 86 197
117 185 117 185
45 155 45 155
64 82 64 82
86 197 86 197
53 187 53 187
6 20 6 20
8 17 8 17
68 86 68 86
4 38 4 38
57 213 57 213
47 163 47 163
86 197 86 197
55 197 55 197
107 4 107 4
109 5 109 5
74 138 74 138
63 78 63 78
116 62 116 62
33 154 33 154
74 138 74 138
82 176 82 176
112 217 112 217
38 180 38 180
51 222 51 222
56 202 56 202
105 104 105 104
105 104 105 104
105 104 105 104
49 172 49 172
80 164 80 164
105 104 105 104
105 104 105 104
28 137 28 137
4 21 4 21
