141 203
304
114 113 87 180
129 25 83 2
139 61 120 100
6 93 24 131
55 88 21 71
122 22 140 45
1 42 14 68
62 88 91 88
83 175 92 148
26 162 26 189
102 86 126 74
97 6 121 18
76 196 50 202
27 193 16 170
78 87 84 63
136 55 125 77
111 118 96 137
58 2 82 2
22 7 44 2
82 174 76 195
122 79 104 88
10 64 1 46
22 8 6 20
62 90 82 90
138 52 134 70
130 26 139 42
39 83 23 75
12 17 28 9
121 102 128 86
46 83 63 87
58 3 41 3
24 149 24 132
34 195 49 202
46 1 61 1
84 3 69 3
48 70 51 56
54 176 52 190
7 18 2 30
140 59 140 46
25 162 25 149
18 72 12 61
121 103 115 114
83 91 95 89
79 190 86 181
110 81 107 70
25 7 36 5
14 158 14 147
103 88 93 90
11 117 11 127
2 61 2 51
13 137 13 147
15 168 15 158
97 137 93 146
22 74 17 66
119 77 127 72
4 40 2 31
9 103 10 112
58 145 57 154
64 87 73 87
12 136 12 127
3 61 3 70
54 2 45 2
46 85 38 81
91 87 99 86
47 82 48 74
5 82 4 74
139 47 135 40
56 161 55 169
120 82 113 85
124 77 117 80
133 69 130 76
84 6 77 4
118 17 124 21
116 19 122 23
124 73 129 68
5 83 6 90
62 139 61 146
64 1 71 1
51 194 51 201
136 54 136 47
10 58 13 64
135 63 131 68
90 4 96 6
56 88 62 89
28 193 33 195
137 46 138 51
59 139 58 144
54 175 55 170
56 160 57 155
1 37 1 32
77 91 82 91
109 85 105 86
10 113 10 117
80 178 80 174
23 9 27 9
1 53 1 49
51 4 55 4
23 71 20 69
13 16 10 18
17 67 15 64
130 74 127 76
113 118 114 115
88 5 85 4
82 89 85 89
4 41 4 44
52 194 52 191
4 70 4 73
130 27 128 25
128 28 126 26
128 70 126 72
18 10 20 8
109 122 107 124
113 82 115 81
103 85 105 84
7 57 5 57
3 31 3 29
97 134 97 132
74 1 76 1
79 182 79 180
48 73 48 71
82 178 82 176
9 61 7 61
4 51 6 51
8 59 6 59
103 129 103 127
96 89 96 87
133 72 131 72
1 45 3 45
131 32 130 31
80 188 79 189
109 124 110 125
83 184 82 185
99 132 98 133
134 38 133 37
138 62 137 61
15 69 16 70
19 72 20 73
122 24 121 23
111 119 112 120
93 164 94 165
108 130 107 129
100 86 101 86
54 87 54 86
139 46 139 45
80 184 80 185
23 125 23 126
89 87 90 87
139 60 139 59
111 123 111 122
93 147 93 148
1 40 1 41
81 180 81 181
76 194 76 193
102 10 102 9
53 5 54 5
6 92 6 91
89 177 89 178
15 14 16 14
79 176 79 175
11 65 11 65
53 186 53 186
92 170 92 170
135 56 135 56
112 12 112 12
35 196 35 196
86 164 86 164
122 101 122 101
108 10 108 10
56 85 56 85
95 159 95 159
10 16 10 16
90 6 90 6
85 167 85 167
115 79 115 79
41 197 41 197
126 22 126 22
8 100 8 100
111 83 111 83
79 84 79 84
111 86 111 86
97 154 97 154
129 84 129 84
11 106 11 106
18 177 18 177
136 66 136 66
133 64 133 64
28 76 28 76
95 162 95 162
5 53 5 53
23 8 23 8
99 152 99 152
13 110 13 110
6 55 6 55
34 79 34 79
9 108 9 108
106 9 106 9
131 76 131 76
107 132 107 132
17 175 17 175
57 149 57 149
84 170 84 170
137 37 137 37
115 113 115 113
91 153 91 153
14 67 14 67
104 11 104 11
43 198 43 198
34 82 34 82
136 35 136 35
78 192 78 192
93 167 93 167
94 145 94 145
101 144 101 144
77 190 77 190
32 81 32 81
101 147 101 147
113 114 113 114
52 56 52 56
130 78 130 78
29 194 29 194
44 82 44 82
137 64 137 64
65 198 65 198
58 89 58 89
12 108 12 108
137 42 137 42
109 82 109 82
94 8 94 8
138 39 138 39
91 172 91 172
60 86 60 86
87 179 87 179
83 173 83 173
16 173 16 173
92 7 92 7
90 156 90 156
123 99 123 99
87 161 87 161
114 13 114 13
110 11 110 11
32 78 32 78
48 86 48 86
99 149 99 149
7 98 7 98
105 137 105 137
41 84 41 84
3 53 3 53
117 78 117 78
119 109 119 109
56 157 56 157
30 77 30 77
4 55 4 55
103 139 103 139
10 104 10 104
2 43 2 43
105 134 105 134
105 134 105 134
105 134 105 134
105 134 105 134
105 134 105 134
105 134 105 134
105 134 105 134
105 134 105 134
105 134 105 134
105 134 105 134
105 134 105 134
105 134 105 134
105 134 105 134
105 134 105 134
105 134 105 134
105 134 105 134
105 134 105 134
105 134 105 134
105 134 105 134
105 134 105 134
105 134 105 134
105 134 105 134
105 134 105 134
105 134 105 134
105 134 105 134
105 134 105 134
105 134 105 134
105 134 105 134
105 134 105 134
105 134 105 134
105 134 105 134
105 134 105 134
105 134 105 134
90 175 90 175
90 175 90 175
90 175 90 175
90 175 90 175
90 175 90 175
105 134 105 134
53 180 53 180
53 180 53 180
53 180 53 180
105 134 105 134
53 180 53 180
53 180 53 180
53 180 53 180
105 134 105 134
53 180 53 180
86 182 86 182
