156 186
324
155 82 124 120
83 155 119 125
136 27 155 65
34 185 58 153
12 96 5 134
112 81 88 111
50 94 84 111
23 62 46 91
16 163 28 128
111 9 78 1
58 180 82 156
53 53 41 83
115 14 138 32
24 119 12 93
20 40 15 68
32 185 59 180
27 71 44 92
13 175 1 151
72 1 98 7
64 99 76 77
150 85 135 105
135 26 115 11
120 114 142 103
53 99 75 110
20 46 28 67
153 55 143 35
32 184 13 174
44 10 26 20
57 99 75 108
78 3 58 3
65 172 78 159
76 78 85 62
4 134 1 150
115 112 99 115
154 64 154 80
121 111 135 104
36 10 50 3
111 131 123 121
56 1 71 1
89 112 104 112
21 33 27 20
29 71 38 82
51 98 41 88
154 85 148 97
104 6 91 3
88 142 101 139
23 61 20 48
129 106 139 99
64 146 76 144
133 29 141 38
23 49 23 38
86 114 76 110
24 120 28 130
63 146 56 154
29 17 37 10
115 114 105 116
150 84 152 74
139 104 147 98
12 82 12 92
106 9 114 14
15 69 13 78
43 86 49 93
54 4 45 6
79 108 87 111
155 62 152 54
12 172 15 164
81 158 87 152
131 113 137 107
89 114 97 115
86 110 94 111
139 30 143 36
52 98 46 94
153 65 152 72
111 71 112 78
65 174 60 179
84 143 77 144
22 32 21 39
25 55 24 62
66 147 60 150
24 55 24 49
155 72 155 66
53 54 56 49
127 116 123 120
66 167 71 165
114 115 119 114
145 93 150 92
46 9 41 8
59 2 64 2
131 110 127 112
27 70 25 66
115 12 111 10
122 15 118 17
87 59 85 63
105 92 102 95
66 170 69 167
109 87 106 90
26 59 25 63
120 111 116 112
155 79 155 83
52 2 56 2
95 144 97 141
135 27 137 30
138 33 140 36
99 8 102 9
127 110 124 111
151 90 152 87
153 80 153 83
13 79 13 82
70 4 73 4
68 2 71 2
35 83 37 85
129 20 131 22
51 94 49 92
142 100 140 102
125 17 127 19
53 158 55 156
143 98 145 96
31 75 29 73
94 105 96 103
146 98 148 96
98 100 100 98
10 172 11 174
20 45 19 43
124 109 122 110
85 143 87 142
95 111 97 111
43 172 43 174
135 25 133 25
119 13 117 13
112 132 110 132
132 105 132 107
22 36 22 38
148 89 148 87
87 2 89 2
85 1 83 1
107 9 109 9
2 147 2 149
46 168 46 170
106 113 104 113
92 148 91 149
107 136 106 137
48 165 49 164
31 71 32 72
126 20 125 19
111 84 110 85
26 65 27 66
51 161 52 160
32 15 31 16
32 79 33 80
122 17 123 16
128 25 129 26
144 101 143 102
37 182 38 181
40 176 39 177
135 103 136 102
111 114 112 114
20 37 20 38
36 185 37 185
51 3 52 3
73 145 74 145
103 116 104 116
105 8 104 8
87 114 88 114
21 41 21 40
112 80 112 79
150 52 151 52
45 8 46 8
12 101 12 101
18 48 18 48
43 10 43 10
125 113 125 113
56 181 56 181
47 66 47 66
45 71 45 71
113 14 113 14
123 114 123 114
23 118 23 118
77 75 77 75
68 106 68 106
22 53 22 53
47 69 47 69
70 107 70 107
77 1 77 1
35 11 35 11
149 44 149 44
146 92 146 92
142 101 142 101
75 80 75 80
34 14 34 14
74 109 74 109
29 183 29 183
35 16 35 16
63 100 63 100
9 116 9 116
72 108 72 108
152 73 152 73
64 149 64 149
74 82 74 82
5 130 5 130
29 75 29 75
26 135 26 135
19 152 19 152
8 121 8 121
43 76 43 76
15 163 15 163
43 7 43 7
118 115 118 115
49 61 49 61
148 42 148 42
18 159 18 159
64 145 64 145
81 2 81 2
22 143 22 143
23 178 23 178
110 112 110 112
25 179 25 179
25 22 25 22
91 109 91 109
31 18 31 18
25 138 25 138
84 109 84 109
33 78 33 78
42 87 42 87
147 40 147 40
43 79 43 79
11 106 11 106
21 47 21 47
27 132 27 132
37 15 37 15
21 114 21 114
16 64 16 64
45 182 45 182
66 94 66 94
15 98 15 98
24 24 24 24
89 4 89 4
149 85 149 85
4 139 4 139
77 111 77 111
45 74 45 74
123 21 123 21
23 140 23 140
98 115 98 115
65 96 65 96
17 53 17 53
21 146 21 146
130 105 130 105
151 86 151 86
130 108 130 108
22 50 22 50
62 103 62 103
6 125 6 125
54 99 54 99
120 17 120 17
98 8 98 8
9 170 9 170
9 170 9 170
9 170 9 170
9 170 9 170
9 170 9 170
9 170 9 170
9 170 9 170
9 170 9 170
9 170 9 170
9 170 9 170
9 170 9 170
9 170 9 170
9 170 9 170
9 170 9 170
9 170 9 170
9 170 9 170
9 170 9 170
9 170 9 170
9 170 9 170
9 170 9 170
9 170 9 170
9 170 9 170
9 170 9 170
9 170 9 170
9 170 9 170
9 170 9 170
9 170 9 170
9 170 9 170
9 170 9 170
9 170 9 170
9 170 9 170
9 170 9 170
9 170 9 170
9 170 9 170
9 170 9 170
9 170 9 170
9 170 9 170
9 170 9 170
9 170 9 170
9 170 9 170
9 170 9 170
9 170 9 170
9 170 9 170
9 170 9 170
9 170 9 170
9 170 9 170
9 170 9 170
9 170 9 170
9 170 9 170
9 170 9 170
9 170 9 170
9 170 9 170
9 170 9 170
9 170 9 170
9 170 9 170
31 184 31 184
31 184 31 184
31 184 31 184
9 170 9 170
41 11 41 11
25 121 25 121
135 108 135 108
9 170 9 170
29 19 29 19
16 161 16 161
120 124 120 124
26 123 26 123
39 7 39 7
66 105 66 105
