156 187
299
143 100 154 154
80 65 99 104
144 97 125 135
48 79 72 111
103 102 131 74
69 152 97 180
29 113 67 113
132 65 109 94
29 21 61 5
96 159 118 186
38 126 64 148
32 114 62 114
37 125 16 104
126 138 138 164
13 102 33 122
13 103 1 79
62 116 88 110
8 44 28 27
122 16 100 5
127 73 112 91
65 149 81 165
130 65 135 43
1 70 6 48
117 77 112 55
104 3 124 13
135 39 125 19
15 103 35 112
51 12 71 3
99 5 79 1
145 81 145 101
138 57 138 37
72 113 90 105
75 145 56 140
113 184 95 179
87 149 99 163
137 34 129 18
36 19 20 27
137 59 129 75
99 100 112 89
133 86 133 102
124 82 131 68
123 185 137 179
142 178 149 165
42 15 54 9
99 102 111 96
90 149 77 146
123 83 114 92
85 169 94 178
4 83 1 71
135 51 133 63
96 1 84 1
128 17 118 11
132 25 135 36
150 164 155 154
88 109 98 104
9 90 14 100
8 96 3 86
138 165 142 175
77 2 67 6
104 98 114 94
14 97 22 104
80 64 78 54
71 112 61 112
5 75 5 65
15 36 20 28
37 115 46 116
76 4 85 4
21 108 29 112
48 10 40 14
107 5 99 2
60 145 66 151
15 101 22 105
42 112 34 111
50 117 58 117
139 42 139 50
144 73 144 81
102 99 108 94
125 20 119 15
28 26 21 28
6 88 5 81
37 124 42 129
68 111 75 111
97 102 91 105
126 71 129 65
82 2 76 3
121 186 115 186
4 65 4 59
134 162 137 167
14 37 11 42
88 2 93 2
60 6 56 8
9 94 11 98
119 9 115 7
25 26 27 22
22 33 19 36
66 4 62 5
40 111 36 110
136 46 135 50
141 56 140 52
1 74 1 78
96 104 96 100
76 5 72 5
81 110 85 110
143 68 142 65
138 179 141 178
141 59 142 62
55 139 58 140
47 116 50 116
100 100 100 103
118 81 118 78
74 110 77 110
61 116 58 116
132 63 132 66
127 17 129 19
128 71 130 69
53 84 51 82
17 37 15 39
27 27 25 29
67 106 69 108
50 137 52 139
103 168 101 166
115 89 117 87
17 99 15 97
147 115 146 117
98 2 96 2
143 71 143 73
55 115 53 115
121 12 121 14
102 4 102 2
107 173 107 171
63 100 63 98
154 148 154 150
135 56 133 56
137 37 137 35
3 55 3 57
137 58 137 56
113 185 115 185
57 92 57 90
7 47 7 45
124 134 122 134
135 40 135 42
55 87 54 86
83 165 84 166
115 85 116 84
109 91 110 90
126 137 125 136
65 103 66 104
115 181 116 182
94 156 95 157
112 177 111 176
89 152 90 153
15 100 14 99
11 40 10 41
127 79 128 78
46 134 45 133
145 111 146 110
101 103 102 102
150 136 151 135
14 104 15 105
89 148 88 147
123 75 124 74
123 17 124 18
20 107 19 106
140 48 140 49
37 112 36 112
153 144 153 145
145 105 145 104
90 150 91 150
133 60 132 60
106 181 105 181
131 24 131 23
122 185 121 185
112 54 112 53
55 12 54 12
149 132 149 131
135 161 136 161
134 45 134 46
136 60 136 60
149 125 149 125
126 183 126 183
84 72 84 72
38 15 38 15
116 70 116 70
150 163 150 163
134 68 134 68
48 80 48 80
131 28 131 28
126 130 126 130
68 5 68 5
155 153 155 153
128 141 128 141
139 108 139 108
130 122 130 122
50 9 50 9
2 84 2 84
2 61 2 61
93 94 93 94
142 176 142 176
85 74 85 74
134 38 134 38
6 83 6 83
132 118 132 118
94 96 94 96
125 14 125 14
3 82 3 82
81 66 81 66
125 72 125 72
72 3 72 3
140 106 140 106
86 149 86 149
134 52 134 52
132 72 132 72
105 96 105 96
36 16 36 16
139 166 139 166
134 114 134 114
40 16 40 16
141 174 141 174
154 159 154 159
155 157 155 157
95 102 95 102
32 20 32 20
141 104 141 104
109 95 109 95
113 95 113 95
30 21 30 21
81 108 81 108
66 6 66 6
137 112 137 112
119 13 119 13
132 30 132 30
137 163 137 163
129 124 129 124
144 98 144 98
83 70 83 70
111 5 111 5
133 32 133 32
134 163 134 163
12 100 12 100
128 126 128 126
92 92 92 92
133 70 133 70
71 115 71 115
101 6 101 6
127 139 127 139
75 114 75 114
117 10 117 10
115 11 115 11
89 106 89 106
91 151 91 151
130 21 130 21
131 120 131 120
24 26 24 26
98 100 98 100
145 170 145 170
91 90 91 90
91 90 91 90
91 90 91 90
91 90 91 90
91 90 91 90
91 90 91 90
91 90 91 90
91 90 91 90
28 22 28 22
28 22 28 22
28 22 28 22
34 19 34 19
79 63 79 63
119 84 119 84
61 141 61 141
61 141 61 141
61 141 61 141
61 141 61 141
61 141 61 141
61 141 61 141
61 141 61 141
61 141 61 141
61 141 61 141
61 141 61 141
61 141 61 141
61 141 61 141
95 98 95 98
61 141 61 141
61 141 61 141
61 141 61 141
28 22 28 22
61 141 61 141
2 80 2 80
148 120 148 120
127 128 127 128
136 180 136 180
9 98 9 98
130 62 130 62
91 90 91 90
109 6 109 6
113 10 113 10
82 68 82 68
91 90 91 90
74 2 74 2
