118 227
172
115 11 115 62
115 105 115 151
116 184 116 151
117 181 117 212
55 1 82 1
114 81 114 108
9 76 14 100
103 218 103 195
98 110 98 87
95 221 73 226
101 172 101 150
102 194 102 172
41 3 20 8
48 225 30 216
19 8 1 17
99 110 99 130
100 130 100 150
57 226 72 226
62 92 62 77
98 165 100 179
31 131 33 145
86 2 100 4
104 219 116 213
102 4 114 10
84 223 71 223
5 48 3 36
24 83 26 95
37 171 35 159
8 68 6 56
68 180 68 168
116 62 116 74
69 180 69 191
49 225 60 225
71 200 71 210
66 148 66 158
61 99 61 109
65 138 65 148
67 158 67 168
64 128 64 138
39 196 39 186
60 89 60 99
96 222 105 220
95 220 104 218
27 101 28 110
29 116 30 125
17 119 18 128
23 161 24 170
61 223 70 224
40 196 40 205
109 34 109 43
41 206 41 215
63 119 63 128
70 200 70 191
38 186 38 177
62 109 62 118
72 210 72 219
97 82 95 74
59 85 58 77
26 185 25 177
20 139 21 147
15 106 16 114
21 148 22 156
47 2 55 2
110 34 110 26
35 158 34 151
19 130 19 137
99 169 99 162
115 74 115 81
1 25 1 18
45 225 39 222
8 69 9 75
5 49 6 55
114 17 114 11
42 221 42 215
115 70 113 65
25 176 24 171
90 223 95 222
26 186 27 191
94 4 98 3
14 101 15 105
33 146 34 150
28 201 29 205
2 30 3 34
29 208 30 212
31 130 30 126
28 198 27 194
27 100 26 96
97 83 97 87
42 3 46 3
37 172 37 176
2 19 4 16
16 115 17 118
29 115 28 112
23 160 22 157
85 2 82 2
59 89 59 86
73 222 73 219
111 7 111 9
2 25 2 27
88 222 86 222
91 2 90 3
18 130 18 129
98 5 97 5
97 166 97 167
100 162 100 163
47 224 48 224
91 221 92 221
20 138 20 137
60 223 59 223
80 224 80 224
107 5 107 5
6 13 6 13
31 216 31 216
112 214 112 214
36 3 36 3
113 10 113 10
37 221 37 221
8 12 8 12
106 219 106 219
116 212 116 212
25 91 25 91
109 6 109 6
101 4 101 4
26 7 26 7
7 59 7 59
18 9 18 9
45 223 45 223
10 79 10 79
10 79 10 79
10 79 10 79
10 79 10 79
10 79 10 79
10 85 10 85
10 85 10 85
10 85 10 85
10 85 10 85
10 85 10 85
10 85 10 85
10 85 10 85
10 85 10 85
28 195 28 195
32 4 32 4
32 4 32 4
32 4 32 4
32 4 32 4
32 4 32 4
32 4 32 4
32 4 32 4
32 4 32 4
32 4 32 4
32 4 32 4
32 4 32 4
32 4 32 4
32 4 32 4
32 4 32 4
32 4 32 4
32 4 32 4
10 85 10 85
71 224 71 224
71 224 71 224
71 224 71 224
71 224 71 224
71 224 71 224
71 224 71 224
71 224 71 224
10 79 10 79
101 218 101 218
28 111 28 111
65 224 65 224
10 79 10 79
35 220 35 220
2 17 2 17
