126 217
175
120 118 120 190
27 132 40 198
34 115 45 174
1 16 58 16
106 162 106 209
17 85 26 130
80 2 123 2
105 162 105 121
121 80 121 118
125 5 90 13
4 28 10 60
104 90 104 121
76 216 105 209
34 17 5 17
125 3 125 31
53 3 77 3
57 14 81 14
11 62 16 85
124 69 124 47
30 94 34 114
45 15 65 15
70 13 89 13
53 5 35 5
74 1 92 1
41 198 51 211
7 9 23 9
119 195 119 179
106 1 122 1
104 163 104 178
20 6 35 6
76 2 61 2
124 6 111 9
75 216 62 213
124 31 124 44
68 92 68 105
3 27 1 15
89 12 101 10
109 203 118 195
55 4 43 4
74 172 74 182
61 213 52 211
119 34 118 43
47 185 48 194
122 76 122 85
75 182 75 191
73 163 73 172
71 146 71 155
67 112 67 121
27 7 18 7
69 129 69 138
9 15 1 13
50 208 49 200
77 204 78 212
65 101 64 93
123 76 123 68
66 112 66 104
72 155 72 163
68 121 68 129
70 138 70 146
99 12 107 12
73 214 66 212
82 214 75 215
76 196 77 203
81 12 88 12
102 165 103 171
46 177 46 183
110 203 107 208
7 10 2 12
119 33 120 28
23 8 28 8
117 48 118 44
101 209 105 208
48 195 49 199
103 90 103 86
124 3 121 5
76 192 76 195
4 15 4 12
41 200 43 202
115 199 117 197
49 6 51 6
16 8 18 8
28 18 26 18
122 8 120 8
77 12 75 12
2 15 2 13
65 102 65 104
29 92 29 94
111 202 112 201
48 206 47 205
39 197 40 196
99 210 98 210
104 11 103 11
107 10 108 10
121 67 121 68
100 1 99 1
45 175 45 176
47 184 47 183
102 86 102 85
103 164 103 165
37 187 37 187
24 116 24 116
22 106 22 106
38 140 38 140
26 126 26 126
83 214 83 214
87 213 87 213
122 68 122 68
10 56 10 56
38 192 38 192
15 83 15 83
9 51 9 51
31 97 31 97
33 161 33 161
33 113 33 113
42 160 42 160
95 211 95 211
2 18 2 18
41 155 41 155
34 166 34 166
28 136 28 136
43 165 43 165
25 121 25 121
78 213 78 213
17 87 17 87
30 146 30 146
40 150 40 150
37 135 37 135
35 177 35 177
35 177 35 177
35 177 35 177
5 37 5 37
5 37 5 37
5 37 5 37
5 37 5 37
5 37 5 37
5 37 5 37
5 37 5 37
5 37 5 37
5 37 5 37
5 37 5 37
5 37 5 37
5 37 5 37
5 37 5 37
5 37 5 37
5 37 5 37
5 37 5 37
5 37 5 37
5 37 5 37
5 37 5 37
5 37 5 37
5 37 5 37
5 37 5 37
5 37 5 37
5 37 5 37
5 37 5 37
5 37 5 37
5 37 5 37
5 37 5 37
5 37 5 37
5 37 5 37
5 37 5 37
5 37 5 37
5 37 5 37
5 37 5 37
5 37 5 37
5 37 5 37
5 37 5 37
5 37 5 37
5 37 5 37
35 177 35 177
21 101 21 101
36 182 36 182
32 156 32 156
35 177 35 177
12 65 12 65
