137 213
259
110 120 110 204
47 159 59 205
58 3 24 11
65 65 98 57
15 86 5 54
97 58 123 45
98 60 124 47
69 1 96 1
36 123 43 149
15 87 27 111
3 48 27 60
110 7 134 19
109 204 84 212
54 63 28 63
38 152 44 176
34 140 27 117
59 3 83 3
133 23 129 44
110 4 129 13
6 24 23 12
129 60 125 80
8 53 26 62
122 186 111 201
70 127 73 145
123 183 123 166
124 150 124 166
128 105 131 90
82 63 97 60
50 190 57 203
29 13 16 19
118 47 129 38
77 168 79 182
85 2 99 4
81 194 83 208
135 48 135 34
127 124 127 110
7 49 1 37
82 212 70 207
125 137 125 150
136 23 136 36
48 188 45 176
52 65 64 62
35 122 28 112
1 36 6 25
134 60 134 48
133 72 133 60
126 136 126 124
36 64 48 64
34 141 37 152
71 208 60 205
73 146 75 157
109 4 98 2
61 2 72 2
108 184 108 173
2 43 5 53
132 37 134 27
38 62 28 60
44 149 46 159
109 7 100 4
115 7 123 12
4 40 4 31
74 136 74 127
27 116 24 108
107 57 115 54
47 6 55 4
66 63 74 62
126 42 130 35
64 65 56 66
135 21 128 17
130 43 134 36
132 80 131 87
80 184 80 191
59 4 53 7
129 41 125 46
128 106 128 112
122 187 122 181
76 166 76 160
80 64 74 64
51 65 46 65
13 20 17 17
99 59 103 57
12 52 8 50
134 26 135 22
132 76 132 72
2 46 6 46
6 51 9 53
128 93 130 90
122 45 125 43
119 49 116 50
24 12 27 13
83 210 86 211
27 110 28 113
1 40 1 43
129 14 129 17
107 178 107 175
89 61 86 61
133 22 131 20
10 20 8 22
97 2 95 3
20 100 19 98
49 189 50 191
33 120 35 120
133 21 133 19
35 9 37 9
109 119 109 117
43 7 45 7
81 193 81 191
5 37 5 35
78 61 80 61
128 98 128 100
113 197 113 199
75 2 77 2
31 117 31 115
131 16 130 15
21 12 20 13
35 123 36 124
116 193 115 194
127 39 126 40
101 4 100 3
127 45 128 44
62 64 61 64
75 62 76 62
45 5 44 5
75 158 75 159
81 63 80 63
131 38 131 39
77 166 77 167
27 62 28 62
79 183 79 184
109 173 109 174
44 172 44 173
54 64 55 64
49 4 48 4
28 11 27 11
31 10 32 10
53 6 52 6
42 142 42 142
9 65 9 65
26 59 26 59
28 119 28 119
11 75 11 75
14 84 14 84
46 183 46 183
100 56 100 56
39 62 39 62
63 207 63 207
78 172 78 172
78 172 78 172
78 172 78 172
78 172 78 172
78 172 78 172
78 172 78 172
78 172 78 172
78 172 78 172
78 172 78 172
74 147 74 147
31 132 31 132
43 169 43 169
39 159 39 159
134 32 134 32
134 32 134 32
134 32 134 32
96 209 96 209
96 209 96 209
96 209 96 209
96 209 96 209
96 209 96 209
96 209 96 209
111 5 111 5
84 60 84 60
84 60 84 60
126 73 126 73
65 63 65 63
105 58 105 58
71 130 71 130
78 178 78 178
37 128 37 128
112 52 112 52
133 28 133 28
41 6 41 6
99 208 99 208
13 57 13 57
48 166 48 166
52 176 52 176
115 5 115 5
131 84 131 84
38 155 38 155
47 162 47 162
8 62 8 62
133 40 133 40
21 102 21 102
69 207 69 207
5 44 5 44
55 197 55 197
20 58 20 58
13 81 13 81
14 53 14 53
125 78 125 78
16 88 16 88
119 7 119 7
12 78 12 78
2 35 2 35
22 59 22 59
2 45 2 45
121 8 121 8
72 135 72 135
54 184 54 184
33 138 33 138
29 122 29 122
33 62 33 62
114 51 114 51
26 108 26 108
105 206 105 206
34 142 34 142
10 68 10 68
51 172 51 172
108 54 108 54
96 209 96 209
110 53 110 53
26 115 26 115
117 6 117 6
96 209 96 209
108 205 108 205
10 72 10 72
25 61 25 61
70 65 70 65
106 55 106 55
121 48 121 48
83 209 83 209
82 204 82 204
22 104 22 104
6 56 6 56
96 60 96 60
78 172 78 172
32 135 32 135
127 11 127 11
4 27 4 27
78 172 78 172
56 199 56 199
43 146 43 146
4 47 4 47
128 63 128 63
3 40 3 40
45 179 45 179
17 94 17 94
30 125 30 125
64 61 64 61
2 38 2 38
131 32 131 32
23 106 23 106
93 210 93 210
125 10 125 10
123 47 123 47
86 62 86 62
34 121 34 121
86 62 86 62
86 62 86 62
86 62 86 62
86 62 86 62
