121 219
147
57 135 57 212
56 135 56 83
39 1 88 1
28 180 28 212
29 213 58 218
90 211 66 217
94 101 94 77
27 158 27 180
9 2 30 2
79 2 98 2
110 43 114 25
92 136 92 118
91 137 91 155
90 155 90 172
88 206 88 189
89 172 89 189
93 118 93 101
17 198 27 211
6 69 9 85
22 105 22 89
107 3 91 3
23 120 23 105
14 144 14 158
102 197 102 183
13 130 13 144
114 72 111 85
105 146 105 159
24 133 24 120
103 171 103 184
15 158 15 171
104 171 104 158
56 217 44 214
11 117 11 105
10 93 10 105
5 50 5 62
109 112 109 100
119 10 119 22
4 38 4 50
12 130 12 118
59 79 59 91
16 3 4 3
106 134 106 146
25 133 25 145
26 146 26 158
110 89 110 101
36 1 24 1
87 175 87 163
100 204 90 210
120 6 109 4
3 27 3 38
108 123 108 112
115 66 115 55
116 44 116 55
107 123 107 134
118 22 118 33
117 44 117 33
69 216 59 218
16 182 17 190
1 11 2 19
88 169 88 161
87 206 87 214
21 89 21 81
9 93 9 86
79 215 86 215
101 196 101 203
8 4 1 4
16 171 16 177
62 216 56 216
27 209 23 205
103 5 98 4
111 86 111 91
112 65 114 69
55 83 55 79
6 66 6 62
2 23 2 27
58 212 58 215
88 178 88 175
29 211 31 212
40 214 38 215
75 216 77 216
1 5 1 7
106 4 108 4
20 79 20 81
17 195 17 197
58 91 58 93
19 202 18 201
44 215 43 216
47 214 46 214
89 162 89 161
95 84 95 85
120 10 120 11
100 203 99 203
115 4 114 4
86 166 86 165
114 66 114 67
116 6 115 6
33 214 33 214
33 214 33 214
33 214 33 214
33 214 33 214
33 214 33 214
33 214 33 214
33 214 33 214
33 214 33 214
33 214 33 214
33 214 33 214
33 214 33 214
33 214 33 214
33 214 33 214
33 214 33 214
33 214 33 214
33 214 33 214
33 214 33 214
33 214 33 214
33 214 33 214
33 214 33 214
73 215 73 215
33 214 33 214
97 205 97 205
53 218 53 218
27 210 27 210
33 214 33 214
88 213 88 213
118 5 118 5
89 211 89 211
33 214 33 214
111 80 111 80
33 214 33 214
33 214 33 214
33 214 33 214
33 214 33 214
33 214 33 214
33 214 33 214
33 214 33 214
33 214 33 214
33 214 33 214
33 214 33 214
33 214 33 214
33 214 33 214
33 214 33 214
33 214 33 214
33 214 33 214
33 214 33 214
33 214 33 214
33 214 33 214
33 214 33 214
33 214 33 214
