136 219
251
67 215 55 166
82 155 90 197
83 15 124 5
94 218 123 209
18 81 9 52
75 125 68 96
44 11 72 5
122 1 96 1
127 97 127 72
39 111 45 135
44 22 68 17
8 49 1 26
23 93 30 115
8 24 31 24
102 3 80 3
135 192 122 208
55 201 50 181
45 167 40 147
53 162 48 142
77 133 81 153
84 14 65 18
95 217 91 199
29 13 47 10
119 27 119 44
32 120 36 136
56 201 66 214
70 216 86 216
65 7 80 4
127 63 127 48
96 217 81 217
6 19 20 15
107 86 110 100
49 181 46 167
32 23 46 21
126 48 126 34
129 123 129 109
3 26 17 26
130 123 130 137
128 95 128 109
90 14 103 11
118 178 115 165
132 149 132 162
125 20 125 33
133 161 133 174
131 137 131 150
134 173 134 186
38 110 35 99
74 107 72 96
18 82 22 92
18 17 28 15
39 146 37 136
91 4 81 4
124 13 124 3
27 25 17 25
114 6 123 2
113 127 114 136
115 143 116 152
128 72 128 63
121 199 121 190
118 173 118 164
119 173 119 182
102 2 111 2
111 110 110 102
74 17 82 16
116 168 117 160
122 199 122 207
120 190 120 182
112 115 112 123
124 205 129 199
1 23 8 25
47 142 46 135
21 14 28 13
135 184 135 191
77 132 75 126
116 153 117 159
123 9 123 3
90 2 96 2
6 20 1 22
114 137 115 142
59 206 56 203
31 120 30 116
93 218 89 218
124 20 124 16
27 23 31 23
111 111 111 115
77 6 73 6
53 10 50 12
4 20 4 23
54 165 54 162
118 47 118 44
127 67 124 67
4 25 1 25
113 126 113 123
63 209 65 211
135 194 133 196
116 210 118 211
119 209 121 210
113 6 111 7
74 108 72 108
115 2 117 2
68 215 70 215
70 16 72 16
51 20 49 20
86 15 88 15
61 19 63 19
23 15 25 15
57 7 59 7
99 216 97 216
114 168 114 166
71 104 73 104
53 8 55 8
119 5 119 7
8 50 9 51
115 164 116 163
19 15 20 14
57 20 58 20
115 8 114 8
106 10 107 10
98 218 97 218
54 21 53 21
51 9 50 9
110 9 111 9
55 19 54 19
91 197 91 198
43 22 42 22
100 13 99 13
10 17 11 17
59 18 58 18
104 12 103 12
17 79 17 79
17 79 17 79
17 79 17 79
17 79 17 79
17 79 17 79
17 79 17 79
17 79 17 79
17 79 17 79
17 79 17 79
17 79 17 79
17 79 17 79
17 79 17 79
17 79 17 79
17 79 17 79
17 79 17 79
17 79 17 79
17 79 17 79
17 79 17 79
17 79 17 79
17 79 17 79
17 79 17 79
17 79 17 79
17 79 17 79
17 79 17 79
17 79 17 79
17 79 17 79
17 79 17 79
17 79 17 79
17 79 17 79
17 79 17 79
17 79 17 79
52 155 52 155
52 155 52 155
54 194 54 194
54 194 54 194
36 133 36 133
92 202 92 202
46 139 46 139
46 139 46 139
46 139 46 139
28 110 28 110
28 110 28 110
26 100 26 100
115 170 115 170
32 123 32 123
12 60 12 60
70 100 70 100
90 193 90 193
106 215 106 215
73 98 73 98
109 91 109 91
74 109 74 109
40 150 40 150
2 23 2 23
53 159 53 159
55 198 55 198
46 170 46 170
111 212 111 212
24 94 24 94
39 114 39 114
116 147 116 147
5 41 5 41
49 11 49 11
125 206 125 206
96 11 96 11
14 70 14 70
104 9 104 9
43 10 43 10
26 100 26 100
100 10 100 10
110 101 110 101
44 160 44 160
46 139 46 139
45 164 45 164
78 136 78 136
92 12 92 12
10 54 10 54
51 12 51 12
27 103 27 103
114 131 114 131
73 118 73 118
29 113 29 113
83 164 83 164
118 7 118 7
17 79 17 79
74 122 74 122
33 12 33 12
25 97 25 97
17 79 17 79
103 216 103 216
19 83 19 83
22 93 22 93
17 79 17 79
27 107 27 107
89 188 89 188
13 63 13 63
114 211 114 211
11 57 11 57
86 173 86 173
80 150 80 150
17 79 17 79
38 111 38 111
48 145 48 145
38 107 38 107
17 79 17 79
88 13 88 13
16 76 16 76
87 178 87 178
17 79 17 79
76 127 76 127
3 31 3 31
6 44 6 44
93 206 93 206
82 159 82 159
37 104 37 104
7 47 7 47
17 79 17 79
49 149 49 149
39 143 39 143
21 91 21 91
75 4 75 4
117 178 117 178
