145 188
341
142 77 115 122
77 181 99 138
61 146 53 187
71 113 81 73
96 112 113 77
105 132 87 166
97 138 64 147
102 108 132 93
125 100 139 71
7 78 32 98
22 128 8 100
59 112 31 98
106 8 77 1
129 29 142 55
18 153 30 178
76 181 50 187
36 135 60 146
16 89 37 105
113 16 91 5
124 100 102 111
4 76 8 99
18 14 39 4
66 111 44 104
113 102 133 91
1 63 11 83
73 111 95 111
28 13 10 25
112 16 128 29
142 47 133 29
86 110 66 110
61 2 80 2
122 18 106 9
144 53 144 71
40 4 58 4
2 39 10 23
50 186 35 179
114 123 104 135
12 83 6 69
29 174 29 159
13 81 24 91
16 137 18 151
86 114 72 114
142 56 142 70
128 30 121 18
131 95 119 102
131 86 122 96
82 73 85 60
141 70 138 83
50 63 53 50
75 3 88 6
81 113 94 113
132 28 122 20
4 52 2 40
42 3 54 1
15 130 13 118
18 15 10 24
47 86 47 98
2 56 5 67
50 109 40 104
143 52 139 42
48 76 48 86
62 113 72 113
49 76 49 66
21 82 21 72
76 1 66 1
19 91 12 84
110 67 113 76
28 10 37 7
102 135 97 143
26 135 22 127
133 86 138 79
51 3 59 1
140 60 140 68
27 143 27 151
1 62 1 54
28 151 28 159
23 92 29 97
118 98 124 93
30 133 37 136
4 75 2 68
130 88 126 94
83 171 87 165
136 80 137 87
58 108 65 109
26 143 26 136
1 43 1 50
84 165 81 171
113 12 107 9
92 3 86 2
13 117 12 111
51 104 52 110
96 109 90 110
46 98 46 104
11 76 14 81
129 26 133 30
123 19 127 23
15 131 16 136
143 71 142 76
4 53 4 58
22 88 22 83
41 106 37 104
118 19 121 22
140 82 141 78
97 112 101 111
78 167 82 166
107 107 111 106
7 70 6 66
41 5 45 5
24 12 28 12
102 139 104 136
31 178 34 179
53 108 56 107
84 112 87 112
58 3 61 3
141 60 141 57
52 3 55 3
86 57 86 60
20 69 20 72
3 40 3 43
71 3 74 3
67 111 70 111
114 124 112 126
106 131 108 129
25 97 27 99
13 86 15 88
4 68 3 66
130 32 129 30
140 48 141 50
105 106 107 105
134 90 135 88
125 105 125 107
12 23 14 23
117 105 117 103
136 86 138 86
122 112 122 110
32 6 32 8
26 9 26 11
9 78 11 78
136 40 138 40
50 66 50 64
99 108 101 108
56 5 54 5
63 148 63 150
62 112 60 112
139 70 139 68
20 19 19 20
129 101 128 102
34 102 35 103
25 14 24 15
12 21 11 22
16 18 17 17
116 120 115 121
120 116 119 117
128 100 127 101
124 26 125 27
16 83 17 84
132 96 131 97
126 25 127 26
129 98 130 99
17 21 16 22
126 103 127 104
48 3 47 3
42 103 43 103
56 109 57 109
2 63 2 64
81 167 81 168
81 3 80 3
16 20 15 20
95 4 94 4
82 1 83 1
9 100 9 101
98 5 99 5
64 148 64 148
35 7 35 7
132 84 132 84
15 117 15 117
59 153 59 153
69 182 69 182
54 184 54 184
143 53 143 53
136 36 136 36
38 5 38 5
80 80 80 80
94 149 94 149
97 149 97 149
94 155 94 155
95 147 95 147
139 84 139 84
7 96 7 96
47 139 47 139
116 18 116 18
39 137 39 137
14 121 14 121
18 152 18 152
17 147 17 147
86 161 86 161
72 106 72 106
119 17 119 17
66 109 66 109
49 140 49 140
24 164 24 164
6 72 6 72
111 108 111 108
109 109 109 109
19 158 19 158
133 94 133 94
117 16 117 16
54 178 54 178
92 6 92 6
67 145 67 145
27 13 27 13
40 102 40 102
12 80 12 80
137 42 137 42
88 157 88 157
98 147 98 147
22 11 22 11
26 168 26 168
58 111 58 111
41 3 41 3
100 106 100 106
75 94 75 94
58 158 58 158
6 28 6 28
115 106 115 106
6 76 6 76
95 153 95 153
14 115 14 115
28 8 28 8
73 102 73 102
57 144 57 144
122 21 122 21
107 110 107 110
11 109 11 109
88 163 88 163
20 12 20 12
93 151 93 151
100 112 100 112
141 74 141 74
5 30 5 30
34 99 34 99
100 143 100 143
85 163 85 163
110 15 110 15
6 85 6 85
103 110 103 110
101 141 101 141
50 107 50 107
138 44 138 44
48 106 48 106
137 38 137 38
56 174 56 174
22 91 22 91
121 114 121 114
60 148 60 148
17 141 17 141
17 141 17 141
17 141 17 141
17 141 17 141
17 141 17 141
17 141 17 141
17 141 17 141
17 141 17 141
17 141 17 141
17 141 17 141
17 141 17 141
17 141 17 141
17 141 17 141
17 141 17 141
17 141 17 141
17 141 17 141
17 141 17 141
17 141 17 141
17 141 17 141
17 141 17 141
17 141 17 141
17 141 17 141
17 141 17 141
17 141 17 141
17 141 17 141
17 141 17 141
17 141 17 141
17 141 17 141
17 141 17 141
17 141 17 141
17 141 17 141
17 141 17 141
17 141 17 141
17 141 17 141
17 141 17 141
86 140 86 140
86 140 86 140
86 140 86 140
86 140 86 140
86 140 86 140
86 140 86 140
86 140 86 140
17 141 17 141
86 140 86 140
86 140 86 140
86 140 86 140
17 141 17 141
86 140 86 140
4 32 4 32
4 32 4 32
139 46 139 46
60 1 60 1
60 1 60 1
60 1 60 1
17 141 17 141
60 1 60 1
57 169 57 169
57 169 57 169
17 141 17 141
57 169 57 169
57 169 57 169
95 112 95 112
17 141 17 141
57 163 57 163
25 166 25 166
21 125 21 125
101 104 101 104
143 75 143 75
96 145 96 145
113 107 113 107
17 141 17 141
106 11 106 11
103 100 103 100
112 78 112 78
17 141 17 141
134 92 134 92
113 75 113 75
49 1 49 1
17 141 17 141
51 141 51 141
23 130 23 130
59 145 59 145
5 80 5 80
29 100 29 100
111 80 111 80
99 145 99 145
