137 212
288
1 35 13 96
121 101 110 159
135 41 125 91
65 157 65 198
103 122 125 92
13 93 29 121
103 60 131 46
32 57 62 64
93 4 122 13
18 115 23 144
30 56 4 43
126 46 100 59
65 211 92 205
64 129 64 156
113 7 87 1
19 8 44 2
46 1 71 1
64 63 88 63
66 61 89 61
11 49 31 59
119 13 135 26
104 188 91 204
131 50 126 70
24 148 27 167
108 168 105 187
35 159 38 178
7 15 25 10
14 97 18 114
128 16 113 8
5 43 1 27
28 172 32 188
59 208 43 204
41 203 34 190
32 141 34 155
29 122 31 136
55 3 41 3
134 35 128 47
56 62 69 62
45 2 58 2
80 1 92 4
122 82 125 70
45 61 33 59
132 34 127 45
127 16 135 25
66 210 66 198
1 26 7 16
91 62 102 60
93 175 93 185
132 45 136 36
104 121 102 130
99 150 98 159
88 60 97 59
39 193 39 184
113 54 121 50
97 166 95 174
132 25 134 33
101 136 100 144
94 188 93 196
94 175 95 183
79 2 71 2
4 26 4 34
67 134 67 126
121 48 127 43
110 160 108 167
7 43 13 47
47 60 54 61
136 35 136 28
110 58 116 56
122 101 124 95
19 9 14 12
98 59 103 57
59 209 64 211
98 160 97 165
4 38 7 42
95 200 92 204
132 47 132 52
38 179 38 184
40 194 40 199
119 14 115 12
128 21 131 24
104 189 101 192
2 37 3 41
93 197 92 201
99 149 100 145
101 135 102 131
75 1 79 1
10 48 7 46
31 137 32 140
103 59 106 58
96 175 95 178
27 168 28 171
133 30 132 33
25 9 28 8
95 184 94 187
54 4 51 4
84 60 87 60
63 129 63 126
82 3 79 3
105 120 102 120
80 62 77 62
123 15 125 17
119 99 117 101
120 97 122 95
116 103 114 105
33 189 32 187
23 145 24 147
57 59 56 61
35 158 34 156
119 108 120 110
131 44 130 46
21 106 21 108
35 5 33 5
18 101 18 103
55 61 57 61
26 8 24 8
88 62 90 62
24 113 24 111
1 32 1 34
115 10 115 8
130 42 129 43
110 111 109 112
135 27 134 28
27 118 26 117
112 108 113 107
126 45 125 46
121 105 120 104
130 18 129 17
16 97 15 96
107 117 108 116
97 197 98 196
54 206 55 206
66 135 66 134
49 62 48 62
17 13 18 13
92 176 92 177
3 25 3 26
126 66 126 67
43 203 42 203
87 205 88 205
86 1 85 1
63 64 64 64
118 114 118 113
68 210 67 210
102 118 102 119
21 129 21 129
21 129 21 129
21 129 21 129
21 129 21 129
21 129 21 129
101 61 101 61
101 61 101 61
101 61 101 61
101 61 101 61
101 61 101 61
125 73 125 73
125 73 125 73
125 73 125 73
125 73 125 73
125 73 125 73
125 73 125 73
125 73 125 73
125 73 125 73
125 73 125 73
125 73 125 73
125 73 125 73
28 117 28 117
28 117 28 117
30 126 30 126
30 126 30 126
30 126 30 126
30 126 30 126
30 126 30 126
25 158 25 158
15 103 15 103
25 115 25 115
84 206 84 206
21 135 21 135
108 8 108 8
23 10 23 10
99 5 99 5
111 155 111 155
10 85 10 85
90 2 90 2
3 21 3 21
115 129 115 129
14 98 14 98
129 67 129 67
1 40 1 40
125 93 125 93
3 50 3 50
95 5 95 5
35 193 35 193
33 151 33 151
53 63 53 63
26 163 26 163
111 149 111 149
19 52 19 52
31 56 31 56
110 113 110 113
133 22 133 22
5 41 5 41
91 4 91 4
11 13 11 13
117 11 117 11
124 96 124 96
29 6 29 6
15 12 15 12
109 56 109 56
107 115 107 115
30 58 30 58
15 48 15 48
31 4 31 4
16 108 16 108
12 49 12 49
22 140 22 140
28 57 28 57
131 57 131 57
25 158 25 158
28 120 28 120
127 83 127 83
131 39 131 39
30 126 30 126
32 59 32 59
7 70 7 70
111 9 111 9
100 3 100 3
131 53 131 53
37 174 37 174
119 10 119 10
125 73 125 73
110 7 110 7
8 75 8 75
102 6 102 6
125 73 125 73
114 134 114 134
36 163 36 163
20 104 20 104
125 73 125 73
4 19 4 19
19 119 19 119
106 177 106 177
133 47 133 47
117 119 117 119
113 139 113 139
5 60 5 60
101 61 101 61
113 11 113 11
4 55 4 55
2 23 2 23
21 129 21 129
117 9 117 9
20 124 20 124
39 58 39 58
21 129 21 129
36 60 36 60
117 56 117 56
117 56 117 56
117 56 117 56
117 56 117 56
107 172 107 172
107 172 107 172
107 172 107 172
21 129 21 129
21 129 21 129
21 129 21 129
21 129 21 129
21 129 21 129
21 129 21 129
21 129 21 129
21 129 21 129
21 129 21 129
21 129 21 129
21 129 21 129
21 129 21 129
21 129 21 129
21 129 21 129
21 129 21 129
107 172 107 172
21 129 21 129
21 129 21 129
21 129 21 129
107 172 107 172
21 129 21 129
21 129 21 129
21 129 21 129
117 56 117 56
21 129 21 129
21 129 21 129
