152 222
299
151 40 83 23
100 156 78 211
34 90 23 146
21 158 9 207
103 17 149 35
148 45 130 90
119 110 101 155
97 15 57 5
132 75 147 45
100 126 88 157
51 169 59 137
61 133 69 101
52 12 83 22
119 22 149 34
10 207 38 221
44 190 37 219
12 127 7 156
78 184 68 210
32 3 57 15
73 192 84 168
129 91 118 115
64 221 39 221
117 33 137 38
17 99 14 118
8 205 1 190
45 189 49 173
30 14 28 28
24 50 22 64
65 218 77 212
101 123 106 111
99 16 111 21
73 101 69 113
2 183 4 171
27 33 25 45
20 82 18 94
46 2 57 4
46 11 36 6
112 21 122 25
49 5 39 1
68 18 58 15
98 17 88 14
21 157 23 147
99 26 89 24
141 37 151 39
5 167 7 157
84 167 88 158
20 74 22 65
31 10 33 1
67 212 65 220
14 119 12 126
35 219 41 220
151 37 145 37
29 216 24 213
51 11 46 9
106 110 107 105
21 80 20 75
72 10 76 12
78 183 80 179
149 38 148 34
50 173 50 169
75 181 75 185
60 137 60 133
1 185 1 189
149 44 151 41
51 4 54 6
18 95 17 98
84 22 87 23
116 120 117 117
25 46 24 49
75 190 74 193
78 178 77 181
27 32 28 29
37 1 34 1
118 22 116 21
99 18 101 19
4 170 5 168
36 4 34 3
30 13 31 11
74 12 74 10
115 32 113 32
109 29 111 29
11 209 11 207
31 219 31 217
76 11 78 11
77 21 78 20
80 22 81 21
146 52 145 51
128 26 127 27
56 14 57 13
143 32 144 31
101 124 100 125
66 219 67 218
106 28 105 28
70 19 71 19
121 32 122 32
21 72 21 71
70 100 70 99
118 31 117 31
137 36 138 36
149 41 149 42
70 9 69 9
102 27 101 27
97 17 96 17
20 81 20 80
44 2 45 2
34 88 34 89
110 31 111 31
125 26 124 26
24 145 24 145
26 129 26 129
106 141 106 141
126 24 126 24
101 18 101 18
87 190 87 190
81 177 81 177
98 163 98 163
29 114 29 114
34 5 34 5
99 160 99 160
121 106 121 106
135 76 135 76
110 20 110 20
120 108 120 108
69 217 69 217
54 12 54 12
61 130 61 130
72 201 72 201
11 203 11 203
95 170 95 170
84 198 84 198
11 131 11 131
94 143 94 143
44 8 44 8
7 201 7 201
81 205 81 205
44 193 44 193
69 111 69 111
102 122 102 122
67 214 67 214
92 145 92 145
145 54 145 54
72 8 72 8
96 135 96 135
151 38 151 38
13 195 13 195
58 144 58 144
51 2 51 2
97 132 97 132
64 220 64 220
92 148 92 148
6 199 6 199
122 104 122 104
105 112 105 112
43 197 43 197
77 185 77 185
50 5 50 5
74 196 74 196
112 129 112 129
86 161 86 161
13 120 13 120
45 186 45 186
138 30 138 30
146 32 146 32
91 180 91 180
133 28 133 28
83 200 83 200
137 39 137 39
14 191 14 191
10 136 10 136
144 57 144 57
143 59 143 59
12 199 12 199
59 140 59 140
76 183 76 183
136 28 136 28
90 153 90 153
94 173 94 173
20 161 20 161
51 166 51 166
33 100 33 100
99 127 99 127
69 104 69 104
40 6 40 6
27 124 27 124
42 7 42 7
123 24 123 24
80 208 80 208
139 69 139 69
131 86 131 86
108 136 108 136
89 156 89 156
48 4 48 4
9 147 9 147
91 151 91 151
30 109 30 109
82 203 82 203
59 15 59 15
147 49 147 49
57 148 57 148
53 158 53 158
68 211 68 211
86 13 86 13
71 204 71 204
77 211 77 211
133 35 133 35
104 146 104 146
25 134 25 134
115 122 115 122
130 88 130 88
34 95 34 95
34 95 34 95
52 11 52 11
13 210 13 210
110 134 110 134
34 95 34 95
8 152 8 152
87 159 87 159
107 30 107 30
108 139 108 139
133 81 133 81
85 195 85 195
98 130 98 130
60 5 60 5
108 139 108 139
108 139 108 139
72 198 72 198
68 108 68 108
38 211 38 211
76 188 76 188
6 158 6 158
28 119 28 119
108 139 108 139
8 203 8 203
48 12 48 12
96 168 96 168
141 64 141 64
22 150 22 150
101 153 101 153
16 183 16 183
108 139 108 139
54 5 54 5
113 30 113 30
108 139 108 139
64 6 64 6
86 193 86 193
134 38 134 38
139 66 139 66
93 175 93 175
74 20 74 20
33 220 33 220
108 139 108 139
65 18 65 18
65 18 65 18
83 169 83 169
73 103 73 103
104 114 104 114
108 139 108 139
108 139 108 139
89 185 89 185
102 151 102 151
108 139 108 139
69 209 69 209
108 139 108 139
108 139 108 139
15 211 15 211
108 139 108 139
108 139 108 139
108 139 108 139
108 139 108 139
108 139 108 139
17 212 17 212
108 139 108 139
108 139 108 139
108 139 108 139
108 139 108 139
108 139 108 139
108 139 108 139
108 139 108 139
113 127 113 127
108 139 108 139
108 139 108 139
108 139 108 139
108 139 108 139
108 139 108 139
108 139 108 139
108 139 108 139
90 183 90 183
52 162 52 162
52 162 52 162
34 95 34 95
82 12 82 12
34 95 34 95
34 95 34 95
34 95 34 95
52 162 52 162
52 162 52 162
34 95 34 95
34 95 34 95
15 108 15 108
