142 187
287
138 86 103 130
1 46 1 99
32 100 43 54
58 181 82 150
83 112 103 82
18 132 2 100
57 146 92 139
70 75 58 106
36 183 50 153
137 75 123 103
2 58 16 86
70 111 41 103
115 18 89 5
106 16 80 3
2 103 2 130
139 58 127 34
126 32 105 16
85 7 60 1
35 186 60 180
12 177 1 154
129 32 140 54
101 110 77 115
10 73 25 92
103 110 124 100
68 114 46 107
1 130 1 153
136 87 141 65
60 109 38 104
14 177 34 186
12 81 3 63
17 13 35 4
35 137 53 146
2 53 9 71
113 104 128 92
122 104 105 112
70 112 88 112
1 45 5 28
118 20 129 33
91 140 80 153
18 88 31 99
7 23 22 15
71 74 78 59
41 4 57 4
47 104 33 97
4 57 4 42
81 4 67 1
31 96 21 86
119 22 126 34
14 160 11 173
73 111 86 111
41 2 54 2
46 1 59 1
92 138 102 130
122 100 133 94
141 73 138 85
89 115 101 113
9 21 18 13
104 80 102 69
15 157 15 146
138 71 138 61
118 21 110 16
130 92 135 84
17 134 16 143
141 57 140 66
37 3 46 3
16 85 22 91
28 8 36 6
28 11 21 15
85 4 92 7
12 67 12 74
76 114 69 114
140 57 138 51
63 2 57 3
62 110 68 111
88 115 82 115
12 77 15 82
64 171 67 166
118 105 123 102
50 152 53 147
38 103 33 100
129 90 125 94
123 31 119 27
139 59 141 64
46 50 44 54
27 95 25 91
84 147 87 144
7 24 6 28
3 42 3 38
56 147 54 150
122 98 120 101
108 107 105 108
111 108 108 109
118 102 115 102
136 49 139 49
68 169 68 166
93 113 96 113
24 10 27 10
137 74 137 71
54 3 51 3
116 115 114 117
77 157 79 155
134 92 136 90
112 120 110 122
100 131 98 133
102 82 103 80
136 83 135 85
23 180 25 181
104 13 106 14
65 167 63 168
102 113 104 112
74 161 72 161
26 7 26 9
15 17 17 17
16 144 16 146
141 72 141 70
72 110 70 110
14 157 14 159
93 96 93 98
99 87 99 89
53 5 55 5
67 3 65 3
95 95 95 93
101 86 101 84
97 92 97 90
130 95 130 97
126 100 126 102
138 82 138 84
3 54 5 54
139 78 141 78
89 141 88 142
36 184 35 185
89 104 90 103
124 26 125 27
134 87 135 88
11 20 12 19
112 20 113 21
109 18 108 17
86 109 85 110
28 94 27 93
126 96 125 97
92 100 91 101
62 177 63 176
94 138 95 137
86 141 85 140
119 111 118 112
117 24 116 23
71 163 70 164
17 83 16 82
88 106 87 107
15 15 16 14
140 68 140 67
65 1 66 1
36 4 37 4
2 35 2 36
2 99 2 98
59 2 60 2
73 3 74 3
2 43 2 42
7 64 7 63
76 2 77 2
99 114 98 114
34 97 34 97
17 133 17 133
117 21 117 21
12 173 12 173
8 67 8 67
132 35 132 35
7 165 7 165
128 37 128 37
38 180 38 180
3 101 3 101
60 98 60 98
50 105 50 105
13 177 13 177
6 163 6 163
126 33 126 33
76 143 76 143
13 169 13 169
5 30 5 30
104 11 104 11
134 39 134 39
83 149 83 149
21 179 21 179
43 106 43 106
37 75 37 75
56 111 56 111
17 179 17 179
124 29 124 29
42 103 42 103
67 84 67 84
135 41 135 41
48 104 48 104
122 107 122 107
140 74 140 74
69 2 69 2
66 113 66 113
49 154 49 154
68 82 68 82
61 96 61 96
138 47 138 47
15 178 15 178
127 35 127 35
56 182 56 182
100 9 100 9
106 127 106 127
57 147 57 147
57 106 57 106
87 4 87 4
41 59 41 59
67 168 67 168
38 101 38 101
42 172 42 172
120 25 120 25
38 71 38 71
66 145 66 145
4 103 4 103
83 7 83 7
40 63 40 63
63 91 63 91
92 114 92 114
22 9 22 9
135 47 135 47
58 180 58 180
58 103 58 103
17 87 17 87
83 3 83 3
34 93 34 93
8 167 8 167
121 27 121 27
106 12 106 12
61 146 61 146
24 14 24 14
71 75 71 75
10 175 10 175
54 149 54 149
37 182 37 182
86 8 86 8
13 76 13 76
59 112 59 112
134 90 134 90
65 89 65 89
46 160 46 160
130 88 130 88
98 8 98 8
48 156 48 156
136 43 136 43
24 8 24 8
128 31 128 31
2 57 2 57
69 79 69 79
13 72 13 72
5 55 5 55
75 63 75 63
51 108 51 108
70 77 70 77
59 101 59 101
31 95 31 95
4 60 4 60
137 45 137 45
71 144 71 144
71 144 71 144
71 144 71 144
71 144 71 144
71 144 71 144
71 144 71 144
71 144 71 144
71 144 71 144
71 144 71 144
71 144 71 144
71 144 71 144
71 144 71 144
71 144 71 144
71 144 71 144
71 144 71 144
71 144 71 144
2 52 2 52
64 111 64 111
71 144 71 144
40 102 40 102
65 173 65 173
102 10 102 10
17 139 17 139
63 167 63 167
51 108 51 108
51 108 51 108
59 101 59 101
51 108 51 108
