140 202
306
139 32 139 96
45 133 69 180
78 140 97 188
60 160 79 196
1 62 17 94
9 76 39 91
138 124 138 157
49 7 20 21
18 95 34 122
116 74 88 87
96 81 122 67
130 107 118 131
71 64 77 90
75 1 101 1
91 83 66 89
134 48 119 68
63 90 38 90
131 50 117 69
73 2 50 7
137 101 137 124
11 80 31 90
108 200 128 192
105 6 125 11
122 12 135 28
139 174 127 190
24 24 8 33
87 2 105 5
139 173 139 155
4 41 4 59
138 44 130 60
1 52 5 69
136 31 132 48
101 2 118 6
60 6 44 10
34 121 44 133
133 51 126 64
121 150 123 164
61 92 75 90
138 29 138 43
137 96 130 108
86 197 99 201
122 61 113 71
135 26 129 14
78 2 66 4
97 189 101 200
18 80 8 74
116 10 126 15
55 92 44 92
45 89 40 80
105 67 105 77
20 22 13 29
92 82 101 80
109 73 116 67
78 89 87 87
136 38 134 47
132 73 131 82
75 3 84 3
107 76 115 72
5 41 9 33
133 19 137 27
85 197 77 195
34 88 42 89
120 144 119 136
124 170 125 178
126 182 126 190
23 24 29 19
2 51 3 44
50 9 57 8
130 90 131 83
138 94 138 101
104 67 104 60
56 153 59 159
6 71 11 75
81 140 83 146
123 177 121 171
89 86 83 86
19 24 15 28
122 9 117 7
60 92 55 93
125 64 121 67
65 89 60 89
18 82 22 84
124 169 123 165
120 145 121 149
44 91 40 91
1 57 1 61
71 59 71 63
135 33 135 29
129 189 127 192
125 12 128 14
73 89 76 90
34 15 37 14
118 132 119 135
107 200 104 201
5 64 5 67
125 182 125 179
103 81 103 78
129 19 131 21
29 20 27 22
38 127 36 125
10 78 12 80
116 127 117 129
131 48 130 50
78 88 80 87
53 147 51 147
49 143 51 143
48 10 46 10
136 35 136 37
69 88 67 88
62 3 64 3
24 20 26 20
71 4 73 4
44 11 42 11
34 90 32 90
122 170 122 172
23 103 23 105
17 29 17 27
26 110 26 108
30 17 30 15
32 120 32 118
20 98 20 100
133 26 133 24
5 73 7 73
29 115 28 114
17 93 18 94
129 56 128 55
130 185 129 186
43 131 42 130
103 3 102 4
136 177 135 178
6 70 6 69
59 4 60 4
117 8 118 8
9 72 9 71
106 2 105 2
84 4 85 4
102 201 103 201
62 5 63 5
72 91 71 91
121 11 120 11
55 91 56 91
36 89 37 89
56 9 55 9
55 151 55 151
40 81 40 81
73 187 73 187
129 110 129 110
78 142 78 142
105 80 105 80
30 117 30 117
3 69 3 69
7 77 7 77
99 80 99 80
15 89 15 89
85 84 85 84
114 9 114 9
130 91 130 91
116 69 116 69
24 107 24 107
132 17 132 17
48 141 48 141
81 146 81 146
126 63 126 63
124 15 124 15
91 171 91 171
85 156 85 156
91 174 91 174
89 166 89 166
71 69 71 69
65 171 65 171
107 74 107 74
67 175 67 175
47 139 47 139
118 10 118 10
32 87 32 87
3 43 3 43
3 65 3 65
131 57 131 57
8 79 8 79
72 73 72 73
109 3 109 3
75 191 75 191
46 137 46 137
136 99 136 99
114 197 114 197
73 77 73 77
71 183 71 183
11 32 11 32
50 145 50 145
16 91 16 91
6 75 6 75
34 13 34 13
125 194 125 194
124 10 124 10
61 163 61 163
89 197 89 197
87 164 87 164
73 87 73 87
136 43 136 43
19 28 19 28
128 57 128 57
64 169 64 169
15 30 15 30
19 96 19 96
65 91 65 91
87 161 87 161
117 196 117 196
107 79 107 79
80 143 80 143
84 153 84 153
101 82 101 82
93 179 93 179
32 16 32 16
2 67 2 67
97 190 97 190
54 149 54 149
76 193 76 193
99 83 99 83
24 85 24 85
66 173 66 173
127 191 127 191
48 8 48 8
56 5 56 5
2 47 2 47
52 145 52 145
130 187 130 187
137 28 137 28
108 6 108 6
32 14 32 14
24 88 24 88
62 165 62 165
74 189 74 189
101 198 101 198
60 161 60 161
95 184 95 184
93 176 93 176
94 182 94 182
72 185 72 185
112 198 112 198
28 16 28 16
38 11 38 11
70 181 70 181
4 71 4 71
89 169 89 169
89 169 89 169
129 61 129 61
63 167 63 167
22 87 22 87
89 169 89 169
132 78 132 78
20 86 20 86
58 7 58 7
89 169 89 169
68 2 68 2
89 169 89 169
82 148 82 148
97 84 97 84
123 178 123 178
135 101 135 101
123 178 123 178
81 141 81 141
123 178 123 178
123 178 123 178
68 177 68 177
123 178 123 178
123 178 123 178
123 178 123 178
92 198 92 198
92 198 92 198
92 198 92 198
92 198 92 198
92 198 92 198
92 198 92 198
92 198 92 198
92 198 92 198
92 198 92 198
92 198 92 198
92 198 92 198
69 179 69 179
69 179 69 179
69 179 69 179
92 198 92 198
69 179 69 179
26 86 26 86
138 174 138 174
123 178 123 178
109 199 109 199
109 199 109 199
22 101 22 101
123 178 123 178
127 12 127 12
123 178 123 178
89 169 89 169
89 169 89 169
134 28 134 28
14 81 14 81
89 169 89 169
89 169 89 169
25 23 25 23
89 169 89 169
89 169 89 169
89 169 89 169
122 160 122 160
97 3 97 3
89 169 89 169
115 6 115 6
