151 226
265
37 78 21 158
88 157 66 225
49 176 65 112
19 98 8 154
89 157 106 105
21 159 9 210
37 222 48 176
8 155 1 192
104 14 138 27
101 13 67 5
69 223 38 223
36 222 10 209
131 86 119 112
91 190 100 163
72 87 66 111
35 4 31 28
28 42 24 66
117 117 110 138
45 1 65 5
109 139 102 158
150 34 143 53
87 199 81 218
143 54 136 72
141 50 132 67
45 222 29 218
76 191 80 175
23 78 20 94
71 101 75 88
8 208 2 197
139 27 150 33
69 222 80 218
135 75 131 85
30 31 28 41
90 190 88 199
23 68 23 77
129 23 137 26
53 224 61 225
44 1 36 1
107 104 108 97
23 215 29 217
1 193 2 199
137 28 132 26
118 116 120 111
101 14 105 15
62 4 66 5
102 159 101 162
124 21 127 22
122 20 119 19
80 178 81 175
110 17 107 16
62 225 65 225
20 95 19 97
147 32 149 33
114 17 112 18
117 18 115 19
70 6 68 6
56 2 54 2
48 2 46 2
128 90 128 88
94 12 92 12
98 13 96 13
88 11 90 11
36 2 35 3
136 73 135 74
30 30 31 29
11 209 10 208
79 180 79 181
78 178 78 177
85 10 86 10
24 67 24 68
59 3 58 3
52 224 51 224
87 201 87 202
111 16 112 16
50 1 51 1
108 96 108 95
110 136 110 136
39 210 39 210
105 152 105 152
26 51 26 51
103 116 103 116
103 116 103 116
38 222 38 222
149 36 149 36
103 116 103 116
3 183 3 183
84 172 84 172
73 96 73 96
103 116 103 116
103 116 103 116
8 206 8 206
95 176 95 176
103 116 103 116
15 213 15 213
28 121 28 121
103 116 103 116
103 116 103 116
11 211 11 211
78 190 78 190
138 68 138 68
130 87 130 87
85 169 85 169
86 166 86 166
26 215 26 215
103 116 103 116
111 133 111 133
103 116 103 116
106 107 106 107
103 116 103 116
66 222 66 222
86 166 86 166
103 116 103 116
103 116 103 116
14 128 14 128
103 116 103 116
89 154 89 154
103 116 103 116
133 79 133 79
91 188 91 188
79 187 79 187
39 210 39 210
24 214 24 214
39 210 39 210
145 49 145 49
18 170 18 170
31 218 31 218
13 212 13 212
102 119 102 119
33 220 33 220
88 160 88 160
17 107 17 107
50 169 50 169
36 87 36 87
26 131 26 131
144 52 144 52
80 176 80 176
115 125 115 125
40 206 40 206
117 119 117 119
81 181 81 181
81 215 81 215
28 40 28 40
39 220 39 220
6 168 6 168
84 210 84 210
34 97 34 97
105 110 105 110
7 204 7 204
92 185 92 185
97 174 97 174
7 163 7 163
23 152 23 152
33 19 33 19
65 115 65 115
114 128 114 128
33 13 33 13
62 127 62 127
2 188 2 188
101 122 101 122
63 123 63 123
131 84 131 84
30 111 30 111
76 196 76 196
77 193 77 193
9 153 9 153
137 71 137 71
31 106 31 106
38 214 38 214
128 95 128 95
72 208 72 208
104 154 104 154
22 157 22 157
147 44 147 44
97 134 97 134
80 217 80 217
71 102 71 102
104 113 104 113
19 166 19 166
99 128 99 128
70 222 70 222
140 60 140 60
15 123 15 123
100 165 100 165
48 180 48 180
4 178 4 178
25 62 25 62
98 131 98 131
116 122 116 122
74 202 74 202
149 39 149 39
123 22 123 22
88 196 88 196
140 63 140 63
83 213 83 213
75 199 75 199
69 213 69 213
5 173 5 173
36 81 36 81
128 24 128 24
12 138 12 138
86 166 86 166
16 118 16 118
87 163 87 163
147 30 147 30
103 116 103 116
103 116 103 116
67 219 67 219
24 141 24 141
103 116 103 116
103 116 103 116
16 112 16 112
103 116 103 116
103 116 103 116
103 116 103 116
61 131 61 131
122 107 122 107
103 116 103 116
103 116 103 116
51 165 51 165
103 116 103 116
103 116 103 116
103 116 103 116
108 141 108 141
82 178 82 178
10 148 10 148
103 116 103 116
99 168 99 168
103 116 103 116
103 116 103 116
103 116 103 116
74 93 74 93
29 35 29 35
103 116 103 116
103 116 103 116
108 144 108 144
103 116 103 116
103 116 103 116
103 116 103 116
75 90 75 90
20 162 20 162
103 116 103 116
103 116 103 116
18 170 18 170
39 210 39 210
39 210 39 210
39 210 39 210
18 170 18 170
106 149 106 149
39 210 39 210
39 210 39 210
41 202 41 202
18 170 18 170
18 170 18 170
18 170 18 170
18 170 18 170
18 170 18 170
85 207 85 207
18 170 18 170
18 170 18 170
93 182 93 182
18 170 18 170
18 170 18 170
18 170 18 170
18 170 18 170
41 222 41 222
