115 227
120
54 138 54 223
53 138 53 80
34 1 73 1
24 222 24 190
23 190 23 158
77 2 107 9
7 8 33 2
89 122 89 148
88 148 88 172
90 98 90 121
33 224 13 214
86 196 86 218
87 195 87 173
82 224 100 215
20 104 20 124
19 104 19 84
10 168 10 148
9 148 9 128
102 167 102 186
101 185 101 204
91 80 91 98
109 30 106 47
106 120 106 103
21 141 21 124
8 128 8 111
7 111 7 94
103 150 103 167
22 158 22 141
58 226 74 223
112 43 112 59
3 51 3 67
113 43 113 28
105 135 105 120
107 90 107 105
104 150 104 135
114 28 114 14
41 222 53 224
4 77 6 89
110 76 108 88
45 225 33 223
56 77 56 89
1 12 1 24
100 214 100 202
85 171 85 183
75 223 85 220
12 205 14 214
61 225 53 223
1 30 2 38
69 225 77 224
11 189 11 181
49 226 57 226
111 74 111 66
11 168 11 176
2 43 2 51
12 189 12 197
86 171 86 164
8 9 2 12
113 13 107 10
108 69 110 75
4 73 4 67
76 2 70 2
85 166 84 171
108 93 108 89
18 84 18 80
90 76 90 80
6 94 6 90
111 63 111 59
52 80 52 76
23 221 20 219
25 222 28 223
81 224 78 224
49 225 46 225
65 224 62 224
111 11 109 10
98 6 98 8
85 224 85 222
55 89 55 91
36 224 34 224
95 7 96 7
68 225 67 225
12 203 12 204
85 218 85 219
1 28 1 29
80 3 79 3
34 2 35 2
2 40 2 39
39 223 38 223
5 9 5 9
5 9 5 9
5 9 5 9
5 9 5 9
5 9 5 9
5 9 5 9
5 9 5 9
5 9 5 9
5 9 5 9
5 9 5 9
5 9 5 9
5 9 5 9
5 9 5 9
5 9 5 9
5 9 5 9
5 9 5 9
20 4 20 4
10 8 10 8
5 9 5 9
111 13 111 13
108 70 108 70
91 219 91 219
5 9 5 9
44 222 44 222
92 6 92 6
26 4 26 4
32 223 32 223
16 215 16 215
102 7 102 7
107 38 107 38
5 9 5 9
4 76 4 76
12 6 12 6
