138 221
250
115 95 97 150
34 13 90 24
73 9 128 22
75 186 84 150
116 95 127 60
48 161 42 195
89 23 122 31
74 186 66 219
10 59 10 91
137 29 127 59
62 9 33 2
59 7 86 13
85 150 91 125
18 7 41 13
114 28 137 28
86 185 81 205
41 199 37 219
91 170 97 151
56 116 53 135
20 1 38 5
120 67 127 51
36 220 20 213
96 107 92 124
3 196 11 210
118 29 134 29
54 220 39 220
80 207 68 216
72 189 76 175
59 98 57 112
90 25 104 27
12 46 12 32
90 172 87 185
60 111 63 98
14 5 14 18
13 19 13 32
11 46 11 59
9 104 9 91
7 116 7 129
122 22 134 25
50 151 52 139
8 104 8 116
57 220 68 217
65 20 76 22
18 155 18 144
17 155 17 166
4 151 4 162
19 144 19 133
6 129 6 140
20 122 20 133
5 151 5 140
3 162 3 173
24 10 34 12
16 169 15 178
24 91 23 100
13 190 12 199
21 113 21 122
127 30 136 30
22 104 22 113
19 213 11 209
25 214 33 218
50 152 48 160
15 4 22 7
10 207 12 200
1 188 2 181
97 100 97 107
14 188 14 181
116 20 110 19
41 219 35 219
3 197 1 192
20 2 15 3
49 15 44 16
74 176 73 181
54 219 59 219
132 25 136 27
79 209 80 205
54 6 58 7
41 15 45 14
80 23 84 22
110 27 114 27
2 177 2 173
34 3 37 4
80 21 77 22
65 219 62 220
32 2 29 2
76 179 76 176
23 101 23 104
9 73 9 76
17 6 15 5
134 31 135 33
52 138 53 136
57 113 56 115
24 90 23 88
86 24 88 23
42 196 41 198
61 19 63 18
106 18 108 18
102 15 104 15
110 17 112 17
106 16 108 16
16 166 16 168
118 21 120 21
102 17 104 17
108 28 106 28
98 16 100 16
60 9 59 10
37 14 38 13
57 18 58 17
127 50 128 49
53 16 52 17
71 213 72 212
108 114 108 113
102 25 103 25
106 26 107 26
106 119 106 120
109 111 109 110
111 105 111 104
92 14 91 14
115 18 114 18
96 15 95 15
130 23 131 23
110 108 110 107
95 25 96 25
29 4 28 4
112 101 112 102
15 179 15 180
117 88 117 87
50 5 51 5
25 8 24 8
90 12 91 12
69 8 68 8
107 117 107 116
13 189 13 188
22 9 21 9
59 97 59 97
61 108 61 108
121 81 121 81
121 81 121 81
121 81 121 81
121 81 121 81
121 81 121 81
121 81 121 81
121 81 121 81
121 81 121 81
121 81 121 81
121 81 121 81
121 81 121 81
121 81 121 81
121 81 121 81
121 81 121 81
122 20 122 20
122 20 122 20
122 20 122 20
76 10 76 10
73 188 73 188
73 188 73 188
73 188 73 188
73 188 73 188
77 210 77 210
30 12 30 12
96 152 96 152
105 123 105 123
113 99 113 99
55 120 55 120
54 131 54 131
86 188 86 188
133 27 133 27
28 9 28 9
129 55 129 55
90 132 90 132
92 168 92 168
103 129 103 129
133 39 133 39
17 4 17 4
39 214 39 214
122 64 122 64
125 65 125 65
123 71 123 71
45 181 45 181
132 42 132 42
69 216 69 216
104 126 104 126
62 104 62 104
82 161 82 161
125 54 125 54
66 216 66 216
98 14 98 14
11 208 11 208
75 180 75 180
85 146 85 146
58 102 58 102
90 175 90 175
46 170 46 170
49 159 49 159
98 148 98 148
128 58 128 58
72 9 72 9
44 186 44 186
13 211 13 211
9 205 9 205
115 97 115 97
80 11 80 11
102 136 102 136
4 199 4 199
86 14 86 14
83 157 83 157
134 36 134 36
120 84 120 84
82 198 82 198
102 132 102 132
118 90 118 90
74 190 74 190
117 93 117 93
86 11 86 11
94 158 94 158
118 19 118 19
75 183 75 183
95 155 95 155
126 62 126 62
124 68 124 68
62 8 62 8
68 208 68 208
73 188 73 188
43 191 43 191
51 142 51 142
93 165 93 165
131 49 131 49
11 202 11 202
84 153 84 153
93 161 93 161
46 176 46 176
94 13 94 13
99 145 99 145
101 139 101 139
121 81 121 81
73 194 73 194
126 52 126 52
121 66 121 66
121 81 121 81
73 177 73 177
95 114 95 114
130 52 130 52
80 208 80 208
91 128 91 128
63 100 63 100
119 87 119 87
121 81 121 81
77 175 77 175
58 108 58 108
122 74 122 74
73 20 73 20
