153 211
297
141 200 128 147
65 158 90 206
56 146 77 186
81 60 115 43
52 9 86 1
46 71 80 63
67 163 51 133
49 10 19 25
119 116 127 147
1 54 15 82
92 156 79 129
108 50 82 62
79 61 52 68
56 147 43 123
139 101 139 74
103 182 113 206
118 210 140 199
146 141 150 165
93 159 103 181
19 88 30 108
127 16 122 38
27 24 8 34
127 14 110 1
2 60 21 69
123 29 110 45
83 195 73 177
127 54 127 74
140 104 143 123
31 109 43 124
10 68 28 72
128 17 124 35
152 181 142 196
8 35 1 50
118 6 102 3
131 22 124 36
45 71 30 71
83 2 98 2
42 70 27 70
112 1 125 8
56 10 42 14
112 210 101 208
145 135 143 124
128 11 131 21
152 176 150 166
131 25 133 35
5 60 1 51
51 134 46 126
57 9 48 11
91 206 100 208
106 47 113 41
123 31 117 38
137 61 138 70
135 47 136 56
51 69 42 69
134 180 130 172
121 38 114 43
83 129 86 137
71 5 79 4
3 62 10 65
134 43 133 36
5 46 4 53
109 1 102 1
77 179 80 185
16 83 19 89
121 208 115 210
103 51 108 48
124 8 128 12
16 29 20 25
95 55 90 57
10 67 5 65
29 22 24 23
152 182 152 177
22 69 27 69
134 87 138 84
32 112 35 115
124 12 127 15
69 169 68 165
145 136 146 140
71 173 70 169
53 138 54 142
132 173 132 169
119 117 117 114
26 24 29 23
136 57 137 60
121 36 121 39
114 206 114 209
140 103 140 100
130 20 130 23
101 3 98 3
138 74 138 71
90 1 87 1
119 40 117 42
39 120 37 118
111 3 113 4
143 196 142 198
135 46 134 44
1 57 2 59
146 189 146 191
55 70 55 68
132 24 132 26
67 65 69 65
59 67 59 69
138 92 138 94
63 68 63 66
67 6 69 6
79 62 81 62
52 138 52 136
18 30 18 28
144 192 144 194
71 66 71 64
148 188 148 186
55 142 55 144
7 61 8 62
142 113 141 114
126 9 127 10
137 84 138 83
126 11 125 10
92 157 93 158
122 9 121 8
150 185 151 184
130 27 131 28
14 67 13 68
149 161 149 162
68 4 69 4
131 171 131 170
53 12 54 12
76 61 77 61
151 173 151 174
128 23 128 22
80 60 79 60
30 72 29 72
5 45 4 45
80 4 81 4
147 145 147 144
141 107 141 108
67 67 67 67
67 67 67 67
67 67 67 67
21 93 21 93
21 93 21 93
53 13 53 13
53 13 53 13
96 164 96 164
96 164 96 164
144 132 144 132
12 75 12 75
6 67 6 67
144 126 144 126
91 59 91 59
83 61 83 61
148 156 148 156
50 10 50 10
61 157 61 157
93 58 93 58
85 195 85 195
95 162 95 162
97 1 97 1
84 193 84 193
138 191 138 191
107 51 107 51
137 187 137 187
63 154 63 154
82 133 82 133
92 207 92 207
59 8 59 8
104 48 104 48
94 160 94 160
22 95 22 95
111 4 111 4
31 110 31 110
122 35 122 35
14 79 14 79
83 135 83 135
20 91 20 91
20 68 20 68
85 139 85 139
57 149 57 149
46 12 46 12
101 52 101 52
28 103 28 103
14 30 14 30
106 208 106 208
95 57 95 57
142 119 142 119
134 38 134 38
50 131 50 131
89 203 89 203
75 65 75 65
4 56 4 56
108 195 108 195
106 190 106 190
51 71 51 71
59 146 59 146
103 183 103 183
139 201 139 201
72 175 72 175
112 202 112 202
108 46 108 46
63 7 63 7
76 177 76 177
84 130 84 130
99 55 99 55
137 202 137 202
64 156 64 156
5 39 5 39
111 199 111 199
90 153 90 153
101 54 101 54
101 178 101 178
127 26 127 26
3 43 3 43
30 107 30 107
58 151 58 151
12 31 12 31
97 56 97 56
13 77 13 77
83 128 83 128
103 53 103 53
113 204 113 204
123 37 123 37
32 19 32 19
87 199 87 199
60 155 60 155
83 191 83 191
78 188 78 188
88 201 88 201
136 183 136 183
81 187 81 187
129 155 129 155
49 129 49 129
45 128 45 128
61 6 61 6
73 3 73 3
62 152 62 152
120 4 120 4
6 37 6 37
110 197 110 197
59 153 59 153
24 25 24 25
139 195 139 195
139 195 139 195
16 68 16 68
82 59 82 59
139 195 139 195
102 207 102 207
53 13 53 13
79 190 79 190
102 180 102 180
79 190 79 190
21 93 21 93
79 190 79 190
131 18 131 18
82 189 82 189
67 67 67 67
79 190 79 190
34 18 34 18
62 159 62 159
79 190 79 190
79 190 79 190
84 58 84 58
84 137 84 137
79 190 79 190
75 175 75 175
10 32 10 32
67 67 67 67
67 67 67 67
89 151 89 151
67 67 67 67
67 67 67 67
67 67 67 67
67 67 67 67
67 67 67 67
79 190 79 190
79 190 79 190
67 67 67 67
79 190 79 190
79 190 79 190
79 190 79 190
67 67 67 67
67 67 67 67
79 190 79 190
79 190 79 190
67 67 67 67
79 190 79 190
79 190 79 190
79 190 79 190
67 67 67 67
67 67 67 67
67 67 67 67
79 190 79 190
67 67 67 67
139 195 139 195
139 195 139 195
139 195 139 195
67 67 67 67
67 67 67 67
67 67 67 67
