140 212
260
130 29 84 6
118 93 139 50
55 128 45 172
85 147 70 185
114 105 96 141
45 173 36 210
58 63 26 47
136 54 110 68
95 9 121 22
71 196 83 172
46 59 22 47
5 69 5 43
127 78 116 101
6 22 18 44
84 67 109 67
86 164 96 142
70 186 61 208
59 2 81 7
4 69 4 91
88 69 110 69
4 126 4 104
11 201 1 182
107 113 93 129
134 59 115 68
75 65 55 61
6 23 15 41
131 30 139 47
18 204 34 211
2 160 2 143
6 26 6 43
3 126 3 143
59 63 75 67
44 1 60 4
68 3 83 6
86 145 92 131
15 8 29 2
32 5 18 8
125 27 134 38
16 38 27 47
13 181 11 195
42 211 56 209
7 20 13 8
15 157 15 170
71 195 63 205
138 46 134 58
116 20 127 26
16 145 16 157
79 66 91 66
5 104 5 92
111 108 106 118
129 59 119 64
17 145 17 134
19 125 19 114
135 48 131 58
67 189 70 179
51 3 41 1
56 137 59 128
37 2 28 4
18 125 18 134
138 42 134 34
9 17 10 25
49 1 57 2
14 170 14 178
88 68 80 68
119 24 125 28
1 167 1 160
83 171 86 165
118 66 112 68
1 176 1 170
17 204 12 201
96 125 92 129
68 180 73 179
41 211 36 211
135 47 135 42
23 47 19 44
106 66 111 66
116 102 114 106
10 34 8 30
85 9 81 8
80 67 76 67
76 65 80 65
17 41 20 43
57 209 60 208
57 5 54 4
91 8 94 9
38 2 41 2
98 68 95 68
129 57 131 55
66 200 64 202
106 115 104 117
138 47 139 49
75 191 74 193
103 14 101 13
25 45 23 45
13 178 13 180
60 3 62 3
11 198 11 196
93 127 93 125
122 67 120 67
89 9 89 7
72 66 72 64
49 58 49 60
70 182 68 182
13 9 14 8
62 207 63 206
133 58 134 57
85 7 84 8
19 40 20 41
129 33 130 34
130 30 129 29
23 8 24 8
66 64 65 64
10 27 10 26
21 7 20 7
30 4 31 4
1 180 1 179
58 62 57 62
137 44 137 45
128 75 128 76
66 194 66 194
78 185 78 185
37 207 37 207
37 207 37 207
6 190 6 190
37 207 37 207
80 161 80 161
119 96 119 96
37 207 37 207
98 138 98 138
33 54 33 54
37 207 37 207
88 161 88 161
100 134 100 134
88 161 88 161
88 161 88 161
88 161 88 161
88 161 88 161
88 161 88 161
88 161 88 161
88 161 88 161
88 161 88 161
88 161 88 161
88 161 88 161
88 161 88 161
117 100 117 100
117 100 117 100
117 100 117 100
117 100 117 100
117 100 117 100
117 100 117 100
117 100 117 100
31 53 31 53
31 53 31 53
108 14 108 14
47 165 47 165
74 176 74 176
52 139 52 139
59 129 59 129
88 142 88 142
120 65 120 65
46 210 46 210
77 187 77 187
86 146 86 146
96 10 96 10
7 28 7 28
9 13 9 13
105 120 105 120
53 60 53 60
124 63 124 63
58 2 58 2
114 17 114 17
104 122 104 122
35 55 35 55
12 11 12 11
12 38 12 38
95 143 95 143
117 23 117 23
83 154 83 154
11 29 11 29
138 55 138 55
93 11 93 11
70 197 70 197
77 169 77 169
13 203 13 203
24 3 24 3
27 207 27 207
53 135 53 135
85 149 85 149
129 73 129 73
97 140 97 140
87 8 87 8
47 57 47 57
122 64 122 64
103 124 103 124
91 132 91 132
54 131 54 131
41 58 41 58
28 3 28 3
29 48 29 48
19 205 19 205
132 67 132 67
92 149 92 149
39 57 39 57
82 173 82 173
27 7 27 7
133 55 133 55
87 144 87 144
12 191 12 191
99 136 99 136
68 181 68 181
64 2 64 2
117 65 117 65
98 11 98 11
31 53 31 53
81 159 81 159
80 177 80 177
90 134 90 134
117 100 117 100
76 171 76 171
130 62 130 62
15 37 15 37
117 100 117 100
67 188 67 188
70 5 70 5
130 71 130 71
71 184 71 184
78 166 78 166
79 164 79 164
93 147 93 147
88 161 88 161
112 16 112 16
25 206 25 206
118 98 118 98
88 161 88 161
48 161 48 161
47 59 47 59
66 197 66 197
88 161 88 161
132 61 132 61
55 127 55 127
37 207 37 207
37 207 37 207
84 151 84 151
37 207 37 207
37 207 37 207
37 207 37 207
9 22 9 22
37 207 37 207
37 207 37 207
37 207 37 207
87 163 87 163
37 207 37 207
37 207 37 207
37 207 37 207
37 207 37 207
37 207 37 207
113 65 113 65
37 207 37 207
37 207 37 207
72 181 72 181
