126 216
157
19 1 86 1
60 204 60 140
59 95 59 140
73 14 108 14
59 215 90 209
16 12 47 12
97 12 122 12
79 2 104 2
40 13 61 13
119 4 98 4
22 193 35 209
115 51 119 31
39 210 59 214
118 71 114 91
32 179 32 198
9 11 26 11
89 207 102 197
8 70 11 86
91 13 107 13
31 178 31 163
125 11 110 11
15 10 1 7
90 179 90 165
95 122 95 136
94 136 94 149
53 2 40 2
92 176 92 163
93 163 93 150
90 188 90 201
113 5 125 8
114 94 112 106
52 14 64 14
91 188 91 176
25 100 25 112
96 122 96 110
97 109 97 97
87 3 98 3
26 123 26 112
105 176 105 166
107 147 107 157
19 155 19 165
28 143 28 133
63 2 73 2
103 185 103 195
18 145 18 155
35 13 25 13
16 125 16 135
33 198 33 208
20 175 20 165
104 176 104 186
17 135 17 145
64 13 74 13
29 143 29 153
30 163 30 153
62 101 62 91
1 6 10 2
110 125 109 134
3 26 4 35
112 108 111 117
15 125 15 116
24 100 24 91
108 138 108 147
106 157 106 166
2 13 2 22
14 107 14 116
27 124 27 133
125 18 125 9
6 57 6 48
12 97 12 88
124 18 124 27
13 107 13 98
89 201 89 210
121 52 121 43
5 39 5 48
61 205 61 214
17 4 25 2
9 10 1 8
11 3 19 2
122 40 123 32
98 96 97 88
81 13 89 12
7 65 7 57
112 3 104 3
120 52 120 60
124 10 116 10
117 72 119 66
118 5 124 6
110 124 111 118
21 183 22 189
53 212 48 210
89 166 89 171
58 95 58 90
61 12 65 12
79 12 75 12
1 9 1 13
21 179 21 175
123 31 123 27
35 208 38 210
83 210 86 211
124 8 121 9
109 135 109 138
60 214 63 214
8 69 8 66
4 36 4 39
91 164 91 167
3 25 3 22
23 91 23 88
73 3 76 3
51 3 48 3
90 208 92 206
101 196 102 194
24 2 22 2
88 209 86 209
33 2 35 2
16 10 18 10
122 41 122 43
61 102 61 104
113 95 113 97
119 60 119 62
97 200 98 199
29 201 30 202
17 3 16 4
114 92 114 93
92 1 93 1
112 5 111 5
49 4 50 4
26 3 27 3
113 104 113 103
90 12 91 12
4 7 4 6
116 71 116 70
11 88 11 87
115 89 115 88
112 113 112 113
112 113 112 113
112 113 112 113
112 113 112 113
112 113 112 113
12 9 12 9
12 9 12 9
12 9 12 9
12 9 12 9
12 9 12 9
12 9 12 9
12 9 12 9
12 9 12 9
12 9 12 9
12 9 12 9
10 3 10 3
98 91 98 91
58 215 58 215
58 215 58 215
117 38 117 38
112 113 112 113
97 87 97 87
122 35 122 35
116 42 116 42
