150 229
265
124 76 140 157
25 101 50 177
2 36 22 97
112 7 122 60
51 140 67 190
141 160 149 203
99 193 90 157
51 139 40 106
7 25 37 10
119 132 112 100
109 224 137 210
104 1 74 1
82 132 75 104
125 157 131 185
44 8 70 2
76 223 70 199
112 99 106 75
125 156 119 133
59 205 52 183
132 187 136 209
65 223 86 228
83 132 88 153
133 216 148 204
100 193 104 210
67 80 72 95
71 80 74 93
60 206 63 219
124 161 127 174
84 227 96 225
130 215 120 220
107 222 105 211
105 223 94 223
111 27 111 38
39 103 35 93
1 35 5 26
124 68 120 59
112 6 104 2
44 9 36 11
69 199 67 191
95 226 103 225
110 27 110 20
78 2 71 2
74 102 72 96
75 227 81 228
124 69 124 75
114 221 108 221
123 164 122 159
92 227 87 226
129 217 133 215
50 178 52 182
8 25 5 28
23 97 24 101
124 160 123 156
105 74 104 70
89 157 89 153
90 2 94 2
105 225 108 224
64 219 64 222
142 208 144 206
139 212 137 214
125 79 124 81
77 223 77 225
67 3 69 3
118 221 118 219
123 61 123 63
140 160 140 158
127 90 126 91
126 85 125 86
147 204 148 203
1 31 2 30
145 184 146 183
39 104 40 105
131 187 131 186
149 198 149 197
74 104 74 103
2 34 2 35
40 9 41 9
22 94 22 95
80 226 79 226
141 164 141 165
136 212 137 212
116 220 115 220
143 174 143 174
73 97 73 97
134 213 134 213
120 134 120 134
53 185 53 185
53 185 53 185
110 94 110 94
74 94 74 94
53 185 53 185
14 20 14 20
148 193 148 193
47 169 47 169
120 218 120 218
120 218 120 218
62 172 62 172
118 36 118 36
30 114 30 114
3 38 3 38
69 195 69 195
117 125 117 125
122 142 122 142
10 59 10 59
120 46 120 46
117 31 117 31
133 196 133 196
129 178 129 178
128 101 128 101
16 77 16 77
136 141 136 141
53 185 53 185
53 185 53 185
72 86 72 86
53 185 53 185
88 150 88 150
53 185 53 185
130 111 130 111
60 166 60 166
127 218 127 218
134 131 134 131
61 3 61 3
76 220 76 220
70 90 70 90
15 74 15 74
39 141 39 141
66 188 66 188
42 154 42 154
59 203 59 203
46 166 46 166
42 111 42 111
111 98 111 98
131 116 131 116
113 11 113 11
10 24 10 24
31 117 31 117
124 166 124 166
37 96 37 96
43 114 43 114
55 151 55 151
63 4 63 4
38 98 38 98
63 175 63 175
137 209 137 209
32 120 32 120
19 86 19 86
121 51 121 51
49 136 49 136
73 226 73 226
90 160 90 160
7 50 7 50
65 181 65 181
33 123 33 123
16 19 16 19
106 222 106 222
71 206 71 206
104 207 104 207
116 26 116 26
65 2 65 2
121 138 121 138
52 142 52 142
4 41 4 41
14 71 14 71
82 129 82 129
65 222 65 222
18 83 18 83
48 133 48 133
140 155 140 155
64 178 64 178
29 111 29 111
98 186 98 186
109 3 109 3
54 188 54 188
50 139 50 139
12 65 12 65
61 169 61 169
122 56 122 56
6 47 6 47
21 92 21 92
114 16 114 16
136 205 136 205
40 144 40 144
30 12 30 12
43 157 43 157
1 32 1 32
56 194 56 194
45 120 45 120
41 147 41 147
107 2 107 2
38 138 38 138
57 157 57 157
119 59 119 59
71 93 71 93
133 126 133 126
129 106 129 106
108 80 108 80
135 136 135 136
59 163 59 163
115 21 115 21
69 225 69 225
57 197 57 197
130 182 130 182
113 103 113 103
83 227 83 227
35 92 35 92
27 105 27 105
73 90 73 90
97 182 97 182
8 53 8 53
56 154 56 154
17 80 17 80
20 89 20 89
94 226 94 226
36 132 36 132
54 148 54 148
76 111 76 111
114 107 114 107
126 160 126 160
47 130 47 130
91 164 91 164
142 169 142 169
41 108 41 108
35 129 35 129
135 200 135 200
44 117 44 117
53 185 53 185
53 5 53 5
53 185 53 185
53 185 53 185
53 185 53 185
58 200 58 200
58 160 58 160
53 185 53 185
53 185 53 185
75 216 75 216
53 185 53 185
53 185 53 185
53 185 53 185
49 175 49 175
34 126 34 126
139 150 139 150
127 96 127 96
45 163 45 163
46 127 46 127
34 12 34 12
34 12 34 12
45 163 45 163
75 107 75 107
76 220 76 220
76 220 76 220
26 102 26 102
87 146 87 146
69 87 69 87
70 202 70 202
45 163 45 163
45 163 45 163
144 179 144 179
45 163 45 163
123 159 123 159
11 62 11 62
45 163 45 163
45 163 45 163
48 172 48 172
65 185 65 185
44 160 44 160
