131 217
196
85 199 105 119
20 199 20 134
130 31 114 93
19 2 66 2
81 170 73 212
89 132 82 170
83 6 119 15
106 39 70 39
8 134 8 169
60 39 27 31
2 19 32 34
19 134 19 102
115 73 125 43
80 4 110 11
128 34 100 41
7 134 7 108
50 216 72 212
3 49 3 71
106 119 111 98
49 36 69 40
129 23 111 14
6 108 6 88
99 41 79 41
6 23 22 31
19 207 11 192
93 114 90 130
24 5 8 5
128 30 114 37
21 208 36 212
64 3 78 6
4 71 4 85
70 3 83 5
54 128 54 115
9 169 9 182
79 175 76 187
75 208 84 200
47 206 47 194
52 139 52 151
130 28 124 18
53 139 53 128
51 162 51 151
50 174 50 163
49 174 49 184
46 206 46 216
62 38 72 38
48 194 48 184
45 3 55 3
4 19 4 10
5 7 1 15
36 213 44 216
2 31 1 23
2 41 2 49
70 40 78 40
1 17 7 21
113 37 106 38
123 34 130 33
46 1 39 1
39 35 33 34
103 40 97 40
19 199 19 205
58 117 58 111
57 117 57 123
127 26 125 31
93 113 93 108
119 16 123 18
128 23 130 27
15 4 19 3
112 98 113 94
27 4 23 3
49 216 45 216
89 40 85 40
109 40 113 40
55 115 55 111
76 208 74 211
8 6 5 8
76 178 78 175
11 193 9 190
126 42 127 39
5 88 5 85
52 4 49 4
2 35 2 32
84 199 82 201
127 34 125 33
3 17 1 16
23 31 25 32
124 19 124 21
112 12 110 12
63 3 61 3
114 91 114 89
19 6 17 6
70 213 72 213
122 18 122 20
127 29 129 29
78 206 79 205
2 15 3 16
74 209 73 208
21 207 20 207
25 30 26 30
1 22 1 21
107 13 108 13
42 36 43 36
33 212 32 212
66 214 65 214
114 13 115 13
77 179 77 180
66 4 67 4
87 6 86 6
90 131 90 132
87 146 87 146
115 87 115 87
84 155 84 155
93 171 93 171
111 38 111 38
27 33 27 33
116 15 116 15
127 25 127 25
7 23 7 23
76 177 76 177
110 99 110 99
116 68 116 68
88 141 88 141
78 189 78 189
5 18 5 18
23 29 23 29
35 213 35 213
117 38 117 38
77 186 77 186
18 203 18 203
18 203 18 203
18 203 18 203
105 123 105 123
91 127 91 127
50 5 50 5
50 5 50 5
50 5 50 5
50 5 50 5
130 24 130 24
21 30 21 30
21 30 21 30
21 30 21 30
21 30 21 30
115 71 115 71
47 37 47 37
112 15 112 15
112 15 112 15
37 214 37 214
125 45 125 45
124 48 124 48
109 103 109 103
117 65 117 65
74 203 74 203
83 160 83 160
88 191 88 191
127 32 127 32
121 37 121 37
110 14 110 14
86 151 86 151
118 62 118 62
73 4 73 4
116 83 116 83
110 105 110 105
125 36 125 36
16 199 16 199
9 24 9 24
12 195 12 195
101 8 101 8
94 8 94 8
80 179 80 179
27 209 27 209
17 201 17 201
106 115 106 115
82 165 82 165
79 184 79 184
90 7 90 7
90 183 90 183
25 210 25 210
51 38 51 38
104 127 104 127
92 175 92 175
122 54 122 54
119 59 119 59
21 30 21 30
64 40 64 40
105 41 105 41
123 51 123 51
50 5 50 5
87 195 87 195
77 194 77 194
97 7 97 7
50 5 50 5
115 36 115 36
5 22 5 22
111 101 111 101
69 3 69 3
34 35 34 35
108 107 108 107
