151 224
252
34 17 84 5
53 141 40 102
143 163 150 198
51 166 40 133
137 128 143 162
140 208 110 223
131 177 137 209
130 90 135 119
117 5 122 34
52 166 61 194
101 194 94 166
126 156 120 128
111 85 116 112
72 195 80 221
63 167 71 192
62 166 54 142
23 21 1 32
32 111 39 133
4 39 11 60
22 89 31 109
83 129 88 149
82 6 102 2
12 60 18 79
90 223 109 223
130 175 126 157
129 177 125 160
75 102 79 118
107 214 103 198
128 82 128 67
120 127 117 113
77 102 74 88
1 30 14 24
149 196 140 207
125 49 127 63
103 2 117 2
115 40 115 26
74 101 70 88
139 210 127 216
71 217 83 223
90 153 93 166
32 18 20 23
80 119 82 129
122 35 124 45
116 1 107 1
108 222 99 222
62 196 65 204
22 88 19 80
91 5 99 3
144 204 149 198
110 84 107 77
137 127 135 120
108 214 109 221
129 81 129 88
66 206 67 212
2 33 3 39
111 220 117 219
127 66 125 61
37 98 39 102
124 163 125 167
114 21 114 25
72 217 69 215
96 221 99 221
89 149 89 152
102 194 102 197
125 48 124 46
87 4 89 4
65 8 67 8
130 89 130 87
77 7 79 7
126 161 126 163
130 176 129 175
149 195 150 194
72 194 71 193
148 190 149 189
148 184 147 185
132 99 131 100
147 179 146 180
149 199 148 200
123 61 123 60
142 158 142 159
68 212 68 213
54 11 55 11
46 15 45 15
131 94 131 93
42 16 41 16
73 8 74 8
31 111 31 110
92 3 93 3
50 14 49 14
117 3 116 3
62 9 63 9
58 183 58 183
90 156 90 156
43 113 43 113
136 200 136 200
90 156 90 156
90 156 90 156
52 169 52 169
113 221 113 221
129 172 129 172
134 115 134 115
41 138 41 138
74 218 74 218
74 102 74 102
74 102 74 102
101 191 101 191
18 24 18 24
74 102 74 102
68 184 68 184
64 172 64 172
74 102 74 102
74 102 74 102
133 104 133 104
45 119 45 119
129 172 129 172
50 161 50 161
90 156 90 156
61 161 61 161
74 102 74 102
125 153 125 153
90 156 90 156
75 6 75 6
90 156 90 156
135 195 135 195
90 156 90 156
57 153 57 153
55 147 55 147
75 90 75 90
37 17 37 17
60 158 60 158
60 189 60 189
116 108 116 108
7 50 7 50
124 61 124 61
19 79 19 79
20 85 20 85
53 139 53 139
12 63 12 63
136 213 136 213
59 186 59 186
72 92 72 92
119 126 119 126
11 58 11 58
48 155 48 155
18 77 18 77
62 164 62 164
51 164 51 164
54 175 54 175
21 87 21 87
95 173 95 173
108 221 108 221
23 90 23 90
51 12 51 12
47 125 47 125
56 150 56 150
122 135 122 135
61 192 61 192
94 169 94 169
136 121 136 121
121 131 121 131
138 212 138 212
40 104 40 104
42 141 42 141
30 108 30 108
111 222 111 222
100 187 100 187
121 217 121 217
46 149 46 149
70 190 70 190
70 90 70 90
112 94 112 94
41 107 41 107
52 136 52 136
51 133 51 133
146 174 146 174
76 206 76 206
119 218 119 218
73 197 73 197
115 103 115 103
5 44 5 44
138 132 138 132
59 155 59 155
81 6 81 6
4 41 4 41
6 47 6 47
69 187 69 187
53 172 53 172
16 71 16 71
67 209 67 209
140 148 140 148
33 18 33 18
33 116 33 116
44 116 44 116
128 162 128 162
1 33 1 33
121 30 121 30
47 152 47 152
83 132 83 132
88 146 88 146
145 169 145 169
39 130 39 130
75 105 75 105
79 219 79 219
46 122 46 122
79 115 79 115
76 219 76 219
118 9 118 9
76 210 76 210
65 175 65 175
69 9 69 9
78 216 78 216
85 5 85 5
53 13 53 13
74 102 74 102
42 110 42 110
75 203 75 203
74 102 74 102
74 102 74 102
40 135 40 135
74 102 74 102
74 102 74 102
74 102 74 102
132 186 132 186
137 205 137 205
80 223 80 223
123 36 123 36
110 220 110 220
133 110 133 110
117 4 117 4
129 172 129 172
34 119 34 119
139 143 139 143
134 214 134 214
90 156 90 156
71 7 71 7
90 156 90 156
90 156 90 156
90 156 90 156
43 144 43 144
63 169 63 169
90 156 90 156
90 156 90 156
35 122 35 122
90 156 90 156
90 156 90 156
90 156 90 156
13 66 13 66
9 52 9 52
90 156 90 156
90 156 90 156
87 142 87 142
74 98 74 98
