139 218
259
57 113 43 184
95 117 75 179
37 33 79 43
7 64 7 105
107 14 69 5
138 39 122 73
75 180 64 213
13 18 43 33
86 177 95 148
135 30 109 17
119 90 107 116
108 15 132 27
77 202 85 177
96 148 104 124
121 85 129 61
118 47 138 37
37 32 17 22
103 44 81 44
17 209 35 217
40 198 37 217
91 11 108 17
9 28 9 46
8 64 8 46
10 28 10 11
3 192 11 207
120 45 103 45
59 6 43 2
60 4 76 7
6 121 6 105
102 47 117 47
5 136 5 121
65 212 76 202
34 1 20 4
40 2 26 5
74 41 88 43
36 217 50 217
3 149 3 163
73 178 70 191
2 176 2 163
21 114 21 101
4 149 4 136
43 185 40 197
16 169 16 157
17 145 17 157
18 145 18 133
15 18 12 7
58 125 61 114
52 2 63 5
125 45 136 42
87 45 98 45
105 123 109 113
135 32 133 42
20 124 20 114
60 216 50 216
136 32 128 27
19 124 19 133
11 10 14 18
12 195 13 187
15 173 14 181
101 46 93 46
20 3 13 6
85 10 78 8
11 203 12 196
12 207 18 210
122 74 119 80
132 54 130 60
50 35 44 33
135 40 134 46
58 215 64 215
74 178 73 183
102 14 107 15
120 44 125 43
1 190 1 185
1 181 1 176
11 13 13 17
64 214 67 211
136 37 137 33
13 186 14 182
112 46 108 46
93 43 89 43
119 89 120 86
15 169 15 172
35 4 35 1
95 116 95 113
119 46 116 46
71 183 71 180
23 4 26 4
74 203 72 205
18 20 16 18
135 44 133 44
131 40 131 42
70 40 68 40
64 39 66 39
8 87 8 89
16 21 16 19
62 38 60 38
68 42 70 42
131 52 133 52
20 23 20 21
67 209 66 208
57 6 58 7
137 37 138 36
136 41 137 40
49 2 48 2
11 205 11 204
54 2 53 2
95 10 94 10
81 43 80 43
121 47 122 47
66 4 65 4
29 1 28 1
2 191 2 190
34 4 33 4
136 34 136 33
73 41 72 41
32 2 31 2
42 2 41 2
56 37 57 37
86 8 87 8
12 9 11 9
90 9 91 9
53 36 52 36
65 41 66 41
91 128 91 128
45 178 45 178
83 185 83 185
91 159 91 159
45 178 45 178
45 178 45 178
113 16 113 16
45 178 45 178
45 178 45 178
45 178 45 178
45 178 45 178
4 195 4 195
132 50 132 50
13 13 13 13
67 205 67 205
67 205 67 205
67 205 67 205
67 205 67 205
67 205 67 205
67 205 67 205
117 18 117 18
94 119 94 119
84 149 84 149
62 40 62 40
77 174 77 174
58 6 58 6
102 132 102 132
28 213 28 213
80 194 80 194
76 201 76 201
80 161 80 161
134 41 134 41
13 7 13 7
98 140 98 140
44 183 44 183
125 68 125 68
134 33 134 33
121 20 121 20
72 179 72 179
122 80 122 80
104 126 104 126
82 188 82 188
95 151 95 151
127 64 127 64
47 168 47 168
49 158 49 158
78 6 78 6
85 146 85 146
125 22 125 22
42 187 42 187
126 66 126 66
45 34 45 34
115 17 115 17
79 197 79 197
68 202 68 202
18 22 18 22
119 19 119 19
25 2 25 2
81 191 81 191
3 193 3 193
88 137 88 137
48 35 48 35
38 207 38 207
76 177 76 177
129 63 129 63
123 21 123 21
121 83 121 83
22 212 22 212
88 168 88 168
89 165 89 165
112 19 112 19
89 134 89 134
58 122 58 122
51 148 51 148
97 143 97 143
32 29 32 29
126 26 126 26
83 152 83 152
133 48 133 48
93 122 93 122
127 23 127 23
87 140 87 140
26 28 26 28
90 131 90 131
110 111 110 111
84 182 84 182
96 146 96 146
83 10 83 10
90 162 90 162
87 171 87 171
103 129 103 129
118 91 118 91
70 196 70 196
77 199 77 199
22 22 22 22
24 27 24 27
92 125 92 125
107 17 107 17
81 158 81 158
86 174 86 174
57 3 57 3
105 124 105 124
46 173 46 173
78 42 78 42
99 13 99 13
94 154 94 154
67 205 67 205
70 187 70 187
123 72 123 72
82 155 82 155
67 205 67 205
78 171 78 171
125 75 125 75
55 122 55 122
111 105 111 105
86 143 86 143
126 72 126 72
72 186 72 186
53 132 53 132
127 69 127 69
40 33 40 33
42 35 42 35
45 178 45 178
98 11 98 11
26 212 26 212
45 178 45 178
45 178 45 178
96 12 96 12
45 178 45 178
45 178 45 178
45 178 45 178
74 43 74 43
101 135 101 135
45 178 45 178
45 178 45 178
128 66 128 66
