120 227
170
4 43 4 83
4 126 4 93
15 135 15 168
9 218 41 226
71 3 101 10
16 105 16 135
17 105 17 77
3 126 3 153
2 153 2 179
42 226 61 226
46 225 65 225
105 99 102 117
102 11 118 19
108 52 112 36
68 2 52 2
51 84 51 99
51 1 36 1
98 143 96 157
92 184 90 198
42 202 42 216
14 168 14 182
43 188 43 202
13 196 13 182
17 4 5 10
107 91 110 78
101 125 99 138
50 99 50 112
48 126 48 139
5 42 5 29
46 166 46 153
47 139 47 152
49 112 49 125
12 196 12 209
87 220 75 224
39 224 27 221
11 218 1 211
113 59 115 47
119 22 117 34
89 206 87 218
44 177 44 188
45 166 45 177
80 165 76 175
71 226 73 216
5 93 5 83
20 222 11 220
82 147 81 156
23 3 32 2
94 169 93 178
76 193 75 202
1 195 1 204
5 15 8 7
112 68 113 60
89 81 90 89
87 107 86 115
84 132 83 140
54 89 55 81
89 93 88 101
86 116 85 124
79 171 78 179
74 213 74 205
76 176 76 184
104 13 97 10
81 157 80 164
77 190 77 183
1 179 1 186
52 84 52 77
41 223 41 216
11 210 11 217
95 160 95 167
78 168 75 174
111 73 109 79
90 199 89 205
46 224 40 223
84 131 85 125
116 41 117 35
105 98 106 92
70 224 65 224
119 21 115 18
83 142 82 146
92 183 93 179
102 119 101 123
115 46 116 42
18 4 22 3
87 106 88 103
99 139 98 142
75 225 72 226
111 72 112 69
33 2 36 2
108 74 108 77
5 12 6 10
36 226 36 224
73 215 73 213
70 3 68 3
54 90 54 92
24 223 22 223
75 184 75 186
78 180 78 182
89 90 89 92
96 158 96 160
75 205 75 203
76 190 76 192
55 78 55 80
3 213 4 214
7 216 8 217
118 24 118 25
76 3 77 3
88 209 88 208
93 9 94 9
88 216 88 215
91 194 91 195
74 4 73 4
104 103 104 102
89 202 89 201
94 168 94 167
103 115 103 114
28 224 27 224
9 216 9 216
112 63 112 63
109 80 109 80
109 13 109 13
94 174 94 174
26 222 26 222
75 171 75 171
80 4 80 4
111 14 111 14
118 21 118 21
77 174 77 174
82 152 82 152
82 152 82 152
82 152 82 152
82 152 82 152
82 152 82 152
82 152 82 152
82 152 82 152
82 152 82 152
82 152 82 152
82 152 82 152
82 152 82 152
82 152 82 152
82 152 82 152
82 152 82 152
82 152 82 152
82 152 82 152
82 152 82 152
82 152 82 152
76 198 76 198
89 80 89 80
89 80 89 80
109 45 109 45
82 152 82 152
109 45 109 45
109 45 109 45
109 45 109 45
82 152 82 152
4 212 4 212
4 212 4 212
107 89 107 89
82 152 82 152
90 90 90 90
87 112 87 112
108 49 108 49
14 219 14 219
97 147 97 147
21 4 21 4
113 15 113 15
82 152 82 152
12 218 12 218
114 50 114 50
30 221 30 221
100 134 100 134
