121 220
148
118 93 118 191
120 67 120 6
117 1 64 1
104 166 104 199
75 219 106 212
103 166 103 137
101 82 101 110
102 110 102 137
5 10 25 6
33 122 36 141
1 12 4 31
18 101 21 120
9 57 12 76
51 217 70 217
118 92 118 74
104 211 118 200
35 205 49 216
52 2 69 2
22 7 37 4
2 10 16 7
14 82 17 96
6 40 8 54
22 124 24 138
37 145 39 159
57 3 43 3
65 95 65 81
29 97 26 84
61 218 74 218
27 155 25 143
100 162 102 174
30 173 32 185
32 116 30 104
39 160 41 171
71 168 71 179
105 210 105 199
119 64 119 74
72 179 72 189
65 121 65 111
75 207 75 217
70 168 70 158
68 149 68 139
43 186 44 195
28 160 29 169
66 121 66 130
64 102 64 111
74 198 74 207
69 149 69 158
63 102 63 93
67 139 67 130
73 198 73 189
42 174 42 183
114 32 113 40
115 23 114 31
45 203 46 211
74 217 82 217
62 93 62 85
4 32 6 39
100 82 99 75
118 192 118 199
44 196 45 202
113 2 119 2
96 2 102 2
102 166 102 160
36 205 34 200
29 98 30 103
61 85 61 80
43 4 38 4
44 213 47 216
33 121 32 117
74 219 70 219
66 216 62 216
13 78 13 82
17 97 18 100
34 197 33 194
100 212 103 211
32 188 33 191
24 139 25 142
27 156 28 159
53 216 50 216
30 172 29 170
118 64 117 62
37 144 36 142
21 121 22 123
43 185 43 183
3 11 1 11
41 209 39 209
101 160 101 162
100 214 102 214
41 172 41 174
102 177 102 175
115 202 116 201
117 202 116 203
107 210 106 211
8 55 9 56
105 213 104 213
86 216 85 216
46 213 46 212
12 77 12 78
96 215 97 215
120 3 119 3
89 215 90 215
97 213 98 213
93 214 94 214
20 110 20 110
20 110 20 110
20 110 20 110
20 110 20 110
20 110 20 110
20 110 20 110
20 110 20 110
20 110 20 110
20 110 20 110
20 110 20 110
20 110 20 110
20 110 20 110
20 110 20 110
20 110 20 110
20 110 20 110
20 110 20 110
20 110 20 110
20 110 20 110
20 110 20 110
20 110 20 110
11 72 11 72
35 201 35 201
20 110 20 110
28 5 28 5
16 93 16 93
16 93 16 93
16 93 16 93
16 93 16 93
16 93 16 93
7 50 7 50
7 50 7 50
7 50 7 50
20 110 20 110
20 110 20 110
20 110 20 110
20 110 20 110
20 110 20 110
20 110 20 110
7 50 7 50
20 110 20 110
20 110 20 110
20 110 20 110
20 110 20 110
20 110 20 110
20 110 20 110
