143 188
319
5 87 42 133
142 94 142 41
55 146 81 180
44 79 63 115
86 103 74 65
136 68 113 98
139 138 139 101
138 105 120 136
120 137 126 169
26 19 52 6
44 113 18 101
99 104 121 86
7 39 29 22
125 17 101 5
103 187 91 164
98 1 73 1
4 85 23 101
139 42 128 20
90 110 112 99
126 80 137 58
35 108 59 113
84 3 61 3
105 3 125 13
131 19 141 39
45 136 66 143
140 137 140 159
93 105 73 114
128 178 108 185
127 177 139 160
41 12 59 4
19 24 36 15
7 89 21 101
82 149 91 165
19 103 35 111
140 64 132 80
1 61 5 44
65 112 82 109
80 2 64 2
1 74 8 88
107 99 119 89
136 69 139 55
102 187 89 181
48 138 57 149
19 25 10 36
118 93 128 84
135 71 129 83
100 5 87 2
4 57 4 70
49 114 37 109
65 4 53 9
80 147 68 144
4 78 1 66
89 110 78 113
117 89 125 81
134 92 132 103
107 54 107 65
100 2 110 6
109 100 118 95
73 63 73 53
15 34 22 28
139 43 138 52
108 68 109 77
52 115 61 115
136 26 140 34
140 49 137 57
90 182 82 180
141 96 140 104
120 15 127 19
110 87 110 79
39 129 44 135
124 13 130 18
129 60 132 67
55 7 48 10
126 170 128 177
64 115 71 114
59 111 52 111
69 111 62 111
73 4 66 4
2 79 5 85
20 103 15 99
92 106 98 104
6 83 5 77
44 111 50 112
111 87 111 93
125 168 122 163
129 23 125 19
22 23 27 22
137 108 138 103
91 109 86 109
44 80 41 76
83 147 85 151
99 102 103 100
125 86 128 83
131 20 128 17
123 82 126 79
11 34 8 37
18 96 15 93
138 34 139 38
7 40 6 44
11 96 11 92
141 62 141 58
10 89 9 86
58 5 61 4
102 103 105 102
134 91 135 88
130 174 129 177
39 112 36 111
104 187 107 186
74 110 71 110
3 57 3 54
84 4 87 4
19 26 17 28
123 163 125 165
44 134 46 136
60 153 58 151
16 30 14 32
71 165 69 163
80 110 78 109
87 106 86 104
120 134 118 135
121 12 122 14
125 126 125 128
52 114 50 114
1 64 1 62
64 112 62 112
75 171 75 173
108 67 108 65
27 114 27 116
35 126 35 124
31 121 31 119
131 116 131 118
133 69 133 71
124 163 124 165
112 5 112 7
19 100 21 100
14 96 16 96
137 54 139 54
128 121 128 123
23 109 23 111
133 112 134 111
54 144 53 143
127 20 128 21
73 168 72 167
115 95 114 96
122 131 121 132
137 162 136 163
118 91 117 92
138 160 139 159
66 159 67 160
63 157 62 156
131 172 130 171
77 176 78 177
136 66 135 65
113 92 112 93
50 137 49 137
74 64 74 63
80 148 81 148
53 138 52 138
98 2 99 2
140 105 140 106
140 48 140 47
109 79 109 78
141 101 141 102
104 5 105 5
140 63 140 62
1 72 1 73
121 13 121 13
100 179 100 179
84 98 84 98
83 95 83 95
46 84 46 84
60 113 60 113
132 71 132 71
124 179 124 179
41 77 41 77
102 6 102 6
59 106 59 106
135 31 135 31
141 36 141 36
48 88 48 88
126 124 126 124
49 90 49 90
136 59 136 59
12 36 12 36
136 75 136 75
125 159 125 159
50 92 50 92
57 141 57 141
134 22 134 22
72 114 72 114
5 46 5 46
122 85 122 85
82 92 82 92
93 169 93 169
116 7 116 7
23 102 23 102
103 105 103 105
47 7 47 7
113 95 113 95
46 114 46 114
101 181 101 181
98 5 98 5
43 9 43 9
123 149 123 149
60 108 60 108
30 110 30 110
70 112 70 112
118 8 118 8
25 103 25 103
83 152 83 152
137 35 137 35
76 112 76 112
113 184 113 184
101 106 101 106
122 133 122 133
90 162 90 162
141 40 141 40
134 29 134 29
78 76 78 76
35 13 35 13
22 104 22 104
103 185 103 185
54 5 54 5
133 95 133 95
33 14 33 14
81 89 81 89
134 113 134 113
2 52 2 52
39 11 39 11
45 82 45 82
121 139 121 139
131 170 131 170
92 167 92 167
102 183 102 183
140 52 140 52
75 67 75 67
56 9 56 9
20 24 20 24
118 181 118 181
51 94 51 94
123 129 123 129
121 180 121 180
136 110 136 110
130 75 130 75
137 32 137 32
81 179 81 179
41 10 41 10
103 2 103 2
42 110 42 110
133 101 133 101
139 39 139 39
131 73 131 73
79 83 79 83
78 111 78 111
64 142 64 142
85 112 85 112
85 112 85 112
85 112 85 112
85 112 85 112
85 112 85 112
85 112 85 112
85 112 85 112
85 112 85 112
85 112 85 112
85 112 85 112
85 112 85 112
85 112 85 112
85 112 85 112
85 112 85 112
85 112 85 112
85 112 85 112
85 112 85 112
85 112 85 112
85 112 85 112
85 112 85 112
85 112 85 112
85 112 85 112
85 112 85 112
85 112 85 112
85 112 85 112
85 112 85 112
85 112 85 112
85 112 85 112
85 112 85 112
85 112 85 112
85 112 85 112
85 112 85 112
85 112 85 112
85 112 85 112
85 112 85 112
78 80 78 80
78 80 78 80
78 80 78 80
85 112 85 112
78 80 78 80
78 80 78 80
78 80 78 80
85 112 85 112
78 80 78 80
61 110 61 110
61 110 61 110
85 112 85 112
61 110 61 110
61 110 61 110
61 110 61 110
122 144 122 144
41 113 41 113
74 113 74 113
19 106 19 106
85 112 85 112
110 185 110 185
138 41 138 41
85 101 85 101
85 112 85 112
139 65 139 65
129 119 129 119
77 73 77 73
85 112 85 112
47 86 47 86
