154 211
283
90 152 71 188
52 50 88 68
11 195 20 157
53 162 39 198
102 10 65 1
76 189 92 159
30 112 23 144
75 179 60 208
100 146 115 118
137 87 151 59
131 24 103 10
137 85 123 111
103 128 90 153
25 17 37 41
62 138 53 161
12 200 1 178
34 210 12 199
8 133 4 157
123 22 102 11
38 42 57 56
133 26 148 44
83 65 106 69
97 70 119 70
42 1 64 1
35 36 51 49
124 23 142 33
144 35 153 53
101 143 92 160
33 37 24 20
113 73 132 73
149 62 132 70
4 158 1 174
110 129 118 115
15 95 15 79
146 67 131 72
61 2 76 5
112 121 102 132
13 103 11 117
31 5 45 5
73 62 61 57
70 196 62 206
72 195 78 184
18 61 16 73
20 156 23 145
148 61 151 50
153 58 148 68
35 210 38 200
30 7 25 16
11 118 9 128
116 72 106 72
49 210 39 210
66 128 62 137
100 12 91 8
133 29 140 35
58 209 49 209
69 129 65 137
145 65 137 69
27 14 28 22
127 70 119 71
19 56 20 48
123 110 118 116
77 62 84 64
89 68 96 69
152 48 149 42
70 186 73 180
136 88 133 94
68 199 72 194
24 22 23 28
21 46 21 40
14 95 14 101
150 60 145 63
44 2 49 4
41 2 36 4
36 36 38 41
133 69 128 70
56 54 60 57
129 72 124 72
101 71 106 71
21 203 25 205
151 58 153 54
130 24 133 27
141 33 144 36
61 208 57 208
134 72 138 72
37 6 41 6
18 60 19 57
9 129 8 132
23 31 22 34
114 71 111 71
54 2 57 2
16 76 16 79
111 123 109 125
103 130 105 128
40 44 42 46
65 200 64 202
138 84 139 82
132 96 130 96
70 3 72 3
126 71 124 71
22 39 22 37
45 4 47 4
152 54 152 52
66 2 68 2
10 195 8 195
116 15 116 17
28 30 30 30
45 48 44 47
127 24 128 23
41 42 42 43
122 112 121 113
137 29 136 28
38 38 37 37
125 23 126 22
48 50 49 51
47 47 46 46
86 5 87 5
13 102 13 101
72 6 71 6
82 4 83 4
20 46 20 47
78 3 79 3
88 7 87 7
1 175 1 176
150 49 150 50
153 57 153 56
39 199 39 200
72 5 71 5
108 69 107 69
145 38 144 38
91 6 90 6
40 197 40 197
40 197 40 197
40 197 40 197
40 197 40 197
40 197 40 197
40 197 40 197
40 197 40 197
40 197 40 197
40 197 40 197
12 113 12 113
12 113 12 113
12 113 12 113
11 192 11 192
11 192 11 192
11 192 11 192
143 69 143 69
27 10 27 10
26 22 26 22
153 61 153 61
122 22 122 22
19 202 19 202
150 56 150 56
33 36 33 36
84 6 84 6
31 6 31 6
81 178 81 178
91 162 91 162
27 206 27 206
30 111 30 111
45 184 45 184
43 189 43 189
49 171 49 171
50 168 50 168
146 68 146 68
89 155 89 155
103 139 103 139
28 26 28 26
79 182 79 182
17 65 17 65
93 157 93 157
59 144 59 144
12 107 12 107
87 159 87 159
56 152 56 152
10 119 10 119
52 163 52 163
26 16 26 16
137 86 137 86
70 190 70 190
41 194 41 194
42 192 42 192
30 8 30 8
91 67 91 67
26 26 26 26
109 131 109 131
27 28 27 28
5 153 5 153
104 137 104 137
31 32 31 32
38 203 38 203
139 30 139 30
58 147 58 147
6 142 6 142
29 28 29 28
131 28 131 28
9 197 9 197
77 64 77 64
93 146 93 146
104 11 104 11
132 25 132 25
106 12 106 12
69 192 69 192
92 148 92 148
12 188 12 188
141 78 141 78
146 72 146 72
145 74 145 74
88 157 88 157
147 66 147 66
49 174 49 174
46 182 46 182
140 70 140 70
86 161 86 161
55 158 55 158
81 64 81 64
60 142 60 142
54 53 54 53
28 17 28 17
135 68 135 68
68 194 68 194
66 198 66 198
34 38 34 38
58 150 58 150
26 12 26 12
24 27 24 27
35 209 35 209
141 68 141 68
88 168 88 168
90 164 90 164
25 20 25 20
2 164 2 164
22 146 22 146
54 160 54 160
120 21 120 21
59 57 59 57
80 180 80 180
94 155 94 155
11 192 11 192
49 3 49 3
75 63 75 63
76 177 76 177
102 141 102 141
108 133 108 133
108 133 108 133
91 150 91 150
40 197 40 197
140 80 140 80
108 133 108 133
82 176 82 176
40 197 40 197
17 174 17 174
108 133 108 133
108 133 108 133
40 197 40 197
94 7 94 7
131 98 131 98
56 155 56 155
63 136 63 136
56 155 56 155
77 175 77 175
56 155 56 155
56 155 56 155
94 144 94 144
56 155 56 155
56 155 56 155
56 155 56 155
44 187 44 187
108 133 108 133
108 133 108 133
108 133 108 133
56 155 56 155
56 155 56 155
108 133 108 133
108 133 108 133
56 155 56 155
108 133 108 133
108 133 108 133
108 133 108 133
56 155 56 155
40 197 40 197
108 133 108 133
108 133 108 133
40 197 40 197
