155 202
293
4 77 45 131
49 134 84 180
130 45 105 77
124 132 136 170
148 136 154 170
83 85 50 93
25 23 55 8
102 173 117 201
53 95 83 88
85 1 56 8
86 146 101 171
93 81 115 63
93 3 118 9
127 12 107 2
8 81 28 91
104 77 84 87
126 57 136 37
124 199 143 190
29 94 11 85
13 37 29 25
94 196 83 180
144 113 147 132
20 27 37 18
77 66 83 84
141 189 136 171
143 187 154 172
5 46 1 64
8 40 21 27
130 71 130 89
132 19 136 36
32 93 49 93
132 23 132 40
102 1 86 1
8 80 1 66
113 69 125 59
121 11 130 23
128 46 131 32
101 76 112 67
115 201 102 197
66 6 79 4
142 104 142 91
44 14 56 11
19 86 9 80
19 30 11 38
126 12 131 22
124 58 129 48
84 84 94 79
143 82 143 93
52 95 41 95
5 64 5 53
43 128 50 136
52 92 47 83
30 92 40 92
40 94 30 94
83 2 92 3
138 49 139 58
1 65 5 73
114 9 122 13
122 54 127 47
9 38 6 46
58 9 50 11
141 72 142 80
140 63 141 71
143 111 143 103
89 147 86 140
136 176 133 169
94 195 101 197
137 41 138 48
135 33 134 40
108 3 101 2
108 72 103 77
2 71 5 77
141 92 138 98
87 146 83 141
76 88 70 90
110 60 110 66
121 126 124 131
143 189 146 184
118 201 123 199
45 92 50 92
77 65 77 60
112 70 110 74
129 15 131 19
99 79 95 81
29 24 25 25
130 44 131 40
79 87 83 87
80 4 84 4
8 77 10 80
51 89 53 92
140 62 139 59
130 24 131 27
144 112 144 109
29 91 32 91
79 175 81 177
121 58 123 56
119 58 121 56
22 31 20 33
152 173 154 171
125 53 127 51
153 160 152 162
116 5 114 4
148 135 147 133
72 163 72 165
110 72 112 72
91 193 91 191
69 161 69 159
62 7 64 7
62 5 64 5
2 62 2 64
60 8 58 8
134 168 134 170
117 61 117 63
127 46 129 46
78 171 78 173
95 162 95 160
21 89 21 87
116 62 118 62
10 86 10 84
66 155 66 157
148 179 148 181
92 155 92 157
42 13 42 15
87 185 88 186
57 143 58 144
55 140 54 139
15 93 16 94
17 33 18 34
22 102 21 101
39 125 40 126
152 155 151 156
89 188 90 189
36 121 37 122
108 75 109 74
150 176 151 175
25 106 24 105
18 97 19 98
86 183 85 182
31 114 30 113
120 126 121 127
61 148 60 147
28 110 27 109
117 66 116 67
33 117 34 118
82 141 83 142
128 19 129 20
150 151 151 150
100 171 101 172
75 169 74 168
13 90 12 89
137 39 137 40
116 7 115 7
109 60 109 59
145 117 145 116
142 82 142 81
153 167 153 166
100 2 100 3
80 85 81 85
64 91 63 91
68 4 67 4
82 2 82 2
74 91 74 91
22 92 22 92
19 88 19 88
80 88 80 88
79 75 79 75
56 94 56 94
116 198 116 198
16 34 16 34
103 74 103 74
88 148 88 148
102 174 102 174
136 172 136 172
124 11 124 11
128 143 128 143
106 2 106 2
114 194 114 194
105 76 105 76
57 10 57 10
91 82 91 82
44 12 44 12
78 3 78 3
98 167 98 167
128 13 128 13
24 28 24 28
134 23 134 23
131 31 131 31
78 72 78 72
28 93 28 93
135 42 135 42
110 4 110 4
91 153 91 153
38 15 38 15
131 37 131 37
131 50 131 50
93 84 93 84
77 172 77 172
40 14 40 14
106 5 106 5
49 12 49 12
89 150 89 150
108 198 108 198
95 83 95 83
48 10 48 10
131 23 131 23
142 189 142 189
102 4 102 4
131 43 131 43
139 193 139 193
129 54 129 54
20 91 20 91
27 90 27 90
111 199 111 199
126 137 126 137
112 190 112 190
67 90 67 90
5 70 5 70
127 197 127 197
96 164 96 164
122 62 122 62
142 75 142 75
129 196 129 196
105 197 105 197
18 90 18 90
82 80 82 80
113 66 113 66
71 89 71 89
132 48 132 48
115 196 115 196
130 52 130 52
81 175 81 175
81 77 81 77
8 79 8 79
141 186 141 186
3 66 3 66
137 46 137 46
72 3 72 3
57 91 57 91
47 85 47 85
118 6 118 6
93 194 93 194
120 7 120 7
113 192 113 192
103 176 103 176
23 24 23 24
66 93 66 93
55 12 55 12
135 168 135 168
2 55 2 55
16 89 16 89
75 5 75 5
1 69 1 69
125 17 125 17
46 11 46 11
149 140 149 140
70 92 70 92
70 92 70 92
70 92 70 92
70 92 70 92
139 53 139 53
123 59 123 59
123 59 123 59
123 59 123 59
99 169 99 169
17 87 17 87
104 178 104 178
134 161 134 161
134 161 134 161
134 161 134 161
134 161 134 161
134 161 134 161
134 161 134 161
134 161 134 161
134 161 134 161
134 161 134 161
134 161 134 161
134 161 134 161
134 161 134 161
134 161 134 161
134 161 134 161
134 161 134 161
135 38 135 38
134 161 134 161
140 182 140 182
125 134 125 134
123 59 123 59
127 140 127 140
75 167 75 167
75 167 75 167
53 137 53 137
125 198 125 198
125 198 125 198
60 6 60 6
