125 218
189
4 93 4 191
100 122 84 202
16 121 16 188
89 20 124 20
70 5 104 11
33 13 1 5
117 51 111 83
124 19 92 19
123 15 93 8
102 115 109 86
28 13 1 7
56 17 81 17
122 28 118 51
1 58 1 35
43 4 65 4
15 188 15 209
67 215 83 202
117 39 110 58
2 78 2 58
72 18 92 18
37 215 18 210
83 140 80 159
79 163 76 182
75 186 72 205
87 117 84 136
55 3 37 3
16 102 16 120
51 16 69 16
4 192 14 206
1 25 1 8
90 100 87 116
77 169 74 184
35 13 49 15
51 98 51 112
43 212 43 198
49 125 49 138
48 138 48 151
18 3 6 1
67 214 55 216
47 163 47 151
16 1 28 1
50 113 50 125
44 186 44 198
3 90 3 78
63 5 74 7
28 2 39 2
45 175 45 186
46 164 46 175
17 92 17 102
89 19 79 19
37 216 46 216
54 104 55 96
46 217 54 216
85 7 92 8
117 18 124 17
71 214 71 207
75 170 74 176
124 21 123 27
102 116 101 122
50 15 56 15
19 3 25 3
102 21 108 21
90 99 90 93
16 92 16 87
52 98 52 93
5 2 1 4
78 7 82 6
18 209 14 208
72 6 76 5
30 212 33 213
121 16 124 16
5 192 5 195
38 217 41 217
45 14 48 14
49 5 46 5
42 215 42 212
110 83 110 86
76 207 74 209
96 9 94 10
80 160 79 162
84 137 83 139
75 185 76 183
8 197 8 199
122 18 124 18
11 203 11 201
30 12 32 12
2 5 4 5
37 14 39 14
60 5 62 5
4 90 4 92
66 215 64 215
84 8 82 8
54 105 54 107
118 13 120 13
108 12 106 12
24 2 22 2
114 12 116 12
70 214 69 215
13 206 14 207
76 169 77 170
48 6 47 6
72 206 72 207
55 95 55 94
110 11 111 11
69 5 68 5
90 7 91 7
15 2 16 2
116 14 115 14
88 9 89 9
45 217 44 217
43 2 42 2
110 79 110 78
106 10 107 10
112 13 111 13
89 175 89 175
111 79 111 79
103 112 103 112
11 10 11 10
105 98 105 98
109 88 109 88
121 37 121 37
93 155 93 155
97 141 97 141
7 9 7 9
114 49 114 49
34 215 34 215
70 215 70 215
72 213 72 213
72 213 72 213
72 213 72 213
72 213 72 213
72 213 72 213
72 213 72 213
72 213 72 213
74 190 74 190
74 190 74 190
74 190 74 190
74 190 74 190
74 190 74 190
74 190 74 190
74 190 74 190
74 190 74 190
74 190 74 190
74 190 74 190
74 190 74 190
74 190 74 190
74 190 74 190
74 190 74 190
95 145 95 145
95 145 95 145
95 145 95 145
85 126 85 126
85 126 85 126
85 132 85 132
78 167 78 167
116 18 116 18
30 214 30 214
75 174 75 174
122 32 122 32
91 165 91 165
87 185 87 185
81 155 81 155
88 115 88 115
117 40 117 40
98 136 98 136
74 190 74 190
113 69 113 69
104 108 104 108
74 179 74 179
74 190 74 190
86 190 86 190
112 74 112 74
117 55 117 55
74 190 74 190
107 90 107 90
112 55 112 55
118 46 118 46
100 126 100 126
123 23 123 23
116 60 116 60
3 4 3 4
72 213 72 213
101 117 101 117
102 9 102 9
94 150 94 150
72 213 72 213
115 46 115 46
77 178 77 178
85 195 85 195
