152 218
281
5 54 30 104
30 103 52 147
55 142 75 184
68 7 25 21
119 115 129 159
122 18 86 37
69 184 52 148
32 50 70 41
98 173 109 206
75 185 87 214
141 204 115 217
55 141 42 116
87 37 111 25
135 186 129 160
67 181 79 204
55 46 79 40
147 161 151 185
135 67 135 91
90 151 97 173
86 142 79 121
93 3 114 3
123 60 123 40
137 101 140 120
125 11 129 29
135 187 139 204
86 3 69 7
14 50 31 50
96 1 113 1
71 40 87 35
151 189 141 202
123 8 117 22
9 30 23 26
33 106 42 117
142 131 144 145
14 49 1 46
1 40 4 53
129 30 131 43
114 4 126 8
132 181 129 169
54 47 42 49
83 126 80 115
110 206 113 217
109 24 119 19
63 9 74 7
83 4 94 4
55 12 45 15
147 160 145 150
101 215 111 217
2 39 8 31
26 52 16 52
116 2 125 6
118 110 114 101
10 51 1 47
89 151 87 142
132 49 133 58
17 26 25 22
84 210 79 203
125 8 127 16
115 2 107 2
136 98 136 90
96 215 88 215
81 39 74 40
134 67 134 60
89 2 96 2
141 129 141 122
120 17 123 11
29 22 23 25
76 115 78 121
139 207 142 202
105 30 100 32
5 38 4 43
97 216 102 216
35 49 30 49
11 51 16 51
118 17 114 20
128 171 130 175
132 48 131 44
116 216 112 217
75 7 79 7
26 51 30 51
1 44 4 46
125 14 123 17
145 149 144 146
119 114 118 111
151 186 150 189
131 76 134 75
82 39 85 38
137 100 137 97
146 194 148 192
37 112 35 110
8 32 10 30
138 207 136 208
51 15 53 14
5 50 5 48
87 3 89 3
45 119 43 119
7 49 9 49
28 22 26 22
2 40 2 38
18 26 18 28
122 7 122 9
86 211 85 212
148 171 149 170
144 197 143 198
83 207 82 206
87 213 88 214
121 18 122 17
150 175 149 176
56 10 57 11
41 15 42 16
54 12 53 11
4 35 5 34
148 164 148 165
138 104 138 105
47 13 46 13
140 121 140 122
142 129 142 130
34 19 33 19
130 168 130 169
133 60 133 59
150 181 150 182
72 193 72 193
79 123 79 123
83 131 83 131
48 125 48 125
79 123 79 123
79 123 79 123
125 144 125 144
51 48 51 48
76 186 76 186
5 53 5 53
64 175 64 175
128 26 128 26
134 209 134 209
121 3 121 3
84 134 84 134
81 198 81 198
80 126 80 126
129 171 129 171
58 159 58 159
73 195 73 195
139 116 139 116
41 49 41 49
97 170 97 170
146 153 146 153
76 201 76 201
37 114 37 114
50 144 50 144
44 14 44 14
100 181 100 181
92 159 92 159
73 39 73 39
99 178 99 178
58 46 58 46
83 203 83 203
136 188 136 188
41 115 41 115
106 195 106 195
93 162 93 162
43 47 43 47
71 177 71 177
57 157 57 157
49 142 49 142
74 183 74 183
4 45 4 45
62 171 62 171
124 140 124 140
73 181 73 181
86 140 86 140
81 129 81 129
48 140 48 140
98 175 98 175
77 188 77 188
59 149 59 149
9 61 9 61
115 23 115 23
128 156 128 156
57 145 57 145
85 208 85 208
89 148 89 148
38 16 38 16
24 95 24 95
50 129 50 129
119 21 119 21
98 33 98 33
47 138 47 138
117 105 117 105
67 41 67 41
78 191 78 191
89 34 89 34
54 151 54 151
107 25 107 25
132 210 132 210
20 87 20 87
70 175 70 175
6 55 6 55
60 151 60 151
21 89 21 89
38 116 38 116
66 179 66 179
46 136 46 136
46 121 46 121
23 93 23 93
53 149 53 149
58 147 58 147
137 192 137 192
5 41 5 41
105 192 105 192
5 37 5 37
117 4 117 4
120 118 120 118
22 91 22 91
103 190 103 190
143 135 143 135
130 33 130 33
75 199 75 199
84 206 84 206
90 153 90 153
7 57 7 57
82 201 82 201
96 167 96 167
45 48 45 48
65 177 65 177
102 187 102 187
56 155 56 155
22 22 22 22
126 148 126 148
109 204 109 204
123 6 123 6
79 193 79 193
14 29 14 29
107 198 107 198
16 27 16 27
93 32 93 32
16 27 16 27
47 123 47 123
51 146 51 146
117 109 117 109
16 27 16 27
3 51 3 51
101 184 101 184
16 27 16 27
16 27 16 27
76 186 76 186
25 97 25 97
79 123 79 123
95 164 95 164
131 165 131 165
79 123 79 123
79 123 79 123
139 110 139 110
79 123 79 123
79 123 79 123
79 123 79 123
39 48 39 48
30 20 30 20
8 59 8 59
8 59 8 59
119 2 119 2
8 59 8 59
79 123 79 123
72 179 72 179
79 123 79 123
79 123 79 123
139 110 139 110
139 110 139 110
63 173 63 173
16 27 16 27
16 27 16 27
16 27 16 27
79 123 79 123
79 123 79 123
16 27 16 27
16 27 16 27
133 179 133 179
16 27 16 27
16 27 16 27
16 27 16 27
79 123 79 123
79 123 79 123
120 5 120 5
