135 222
181
52 211 32 131
72 114 84 174
36 104 50 161
84 175 92 219
43 9 5 18
31 131 22 94
16 80 7 44
58 194 51 162
67 221 96 221
67 89 72 113
69 4 45 9
76 3 100 3
1 20 6 43
100 218 122 212
59 198 64 220
96 1 118 1
123 86 123 70
81 220 65 220
124 83 124 99
112 163 116 177
123 209 134 200
123 64 123 50
63 219 53 211
106 88 103 76
125 208 115 213
99 2 88 2
121 39 121 28
132 182 132 171
70 4 81 4
127 119 127 130
125 108 125 97
122 39 122 50
128 130 128 141
131 161 131 172
133 181 133 192
126 119 126 108
130 151 130 162
33 93 36 103
17 80 19 90
115 21 115 31
101 219 91 219
116 166 117 175
70 89 71 98
109 110 110 119
111 126 112 135
114 40 114 31
134 199 134 190
129 151 129 142
2 20 10 18
80 219 88 220
121 207 120 199
115 158 114 166
113 142 114 150
119 191 118 183
107 98 107 90
124 62 124 70
108 107 108 99
117 2 119 9
119 14 120 21
115 157 114 151
119 192 120 198
117 176 118 182
110 120 111 125
113 141 112 136
71 5 66 5
132 200 129 203
69 84 70 88
21 94 20 90
120 24 120 28
66 85 66 89
113 163 114 160
45 8 48 8
116 162 116 165
96 220 99 220
112 214 114 213
121 212 123 211
59 197 58 195
120 61 122 62
52 7 50 7
32 91 32 93
119 5 119 3
109 107 109 109
56 6 54 6
115 2 113 2
91 220 89 220
61 218 62 219
106 89 106 90
20 15 21 15
13 17 12 17
24 14 25 14
121 208 121 209
104 218 103 218
115 215 116 215
65 85 65 84
1 25 1 25
18 14 18 14
67 93 67 93
23 101 23 101
44 9 44 9
55 177 55 177
69 103 69 103
65 219 65 219
90 204 90 204
30 11 30 11
112 165 112 165
52 165 52 165
59 215 59 215
60 201 60 201
84 173 84 173
113 160 113 160
68 98 68 98
75 128 75 128
77 138 77 138
2 29 2 29
22 97 22 97
119 214 119 214
107 217 107 217
10 16 10 16
51 205 51 205
79 148 79 148
53 169 53 169
114 167 114 167
87 189 87 189
48 150 48 150
120 17 120 17
34 143 34 143
71 93 71 93
55 212 55 212
55 212 55 212
55 212 55 212
55 212 55 212
55 212 55 212
55 212 55 212
55 212 55 212
55 212 55 212
55 212 55 212
55 212 55 212
55 212 55 212
55 212 55 212
55 212 55 212
55 212 55 212
55 212 55 212
47 146 47 146
47 146 47 146
47 146 47 146
47 146 47 146
34 10 34 10
34 10 34 10
34 10 34 10
34 10 34 10
34 10 34 10
34 10 34 10
34 10 34 10
34 10 34 10
34 10 34 10
62 217 62 217
92 214 92 214
34 10 34 10
85 179 85 179
7 47 7 47
115 171 115 171
81 158 81 158
52 209 52 209
25 109 25 109
83 168 83 168
55 212 55 212
117 170 117 170
49 154 49 154
91 209 91 209
55 212 55 212
76 133 76 133
14 15 14 15
111 216 111 216
55 212 55 212
50 158 50 158
74 123 74 123
14 69 14 69
8 51 8 51
88 194 88 194
32 135 32 135
16 77 16 77
