132 216
257
63 149 63 202
50 37 92 37
62 113 62 149
131 21 103 35
63 215 92 208
1 21 27 34
80 1 108 6
22 31 49 36
131 16 107 4
79 36 53 36
122 80 117 104
55 2 31 2
14 98 10 78
19 92 27 110
58 213 39 208
124 47 119 66
39 1 58 1
104 194 91 207
106 35 122 27
28 192 37 207
92 36 108 32
131 24 117 31
114 6 128 13
2 29 2 14
94 203 104 193
126 55 124 69
91 35 77 35
17 31 5 25
91 173 93 186
4 11 4 24
36 196 36 183
9 7 22 7
6 53 8 65
21 3 33 3
64 202 64 214
35 171 35 183
74 1 62 1
95 2 106 4
117 105 115 115
98 132 98 142
97 152 97 142
96 162 96 152
65 119 65 109
92 192 92 202
29 35 39 35
122 79 124 70
15 102 16 111
110 148 109 157
22 154 23 163
130 29 129 38
4 38 5 47
114 121 113 130
17 116 18 125
100 122 100 113
29 123 29 132
95 172 95 163
99 132 99 123
28 114 28 123
94 180 92 172
106 179 107 171
127 50 128 42
24 169 25 177
130 16 126 23
105 184 104 192
32 151 33 159
20 139 21 147
111 143 112 135
58 214 66 214
34 163 34 171
45 35 53 35
37 197 37 205
31 148 31 140
30 132 30 140
131 23 124 26
100 103 101 110
8 66 9 73
95 36 102 35
19 131 20 138
108 160 108 167
19 4 26 4
3 29 3 36
90 1 96 3
26 187 28 193
89 36 83 36
91 34 97 34
10 8 5 11
131 26 126 28
22 153 21 148
25 178 26 183
109 7 114 8
79 2 74 2
93 192 93 187
131 17 129 21
115 116 114 120
23 164 24 168
28 5 24 6
5 48 6 52
18 126 19 130
61 113 61 109
85 1 89 1
91 202 91 206
1 16 1 20
19 5 16 6
105 183 106 180
110 147 111 144
127 51 126 54
10 77 9 74
112 134 113 131
16 112 17 115
107 170 107 167
92 176 92 173
33 160 33 163
27 111 27 114
92 207 94 205
20 32 18 31
129 39 128 41
14 99 15 101
6 23 5 21
53 3 51 4
109 158 109 160
64 121 64 119
92 184 92 182
118 93 118 95
59 38 57 38
94 173 94 175
26 105 26 103
111 34 113 34
35 202 35 204
128 15 128 17
32 197 32 199
101 36 99 36
3 21 3 19
32 148 32 150
112 7 112 5
101 113 101 111
29 33 28 34
62 215 61 215
50 3 51 3
4 36 4 37
84 211 85 211
20 30 21 30
80 3 79 3
47 209 46 209
94 181 94 182
3 13 3 14
33 34 34 34
53 211 54 211
121 83 120 83
22 6 23 6
88 210 89 210
43 36 44 36
84 2 84 2
84 2 84 2
84 2 84 2
84 2 84 2
11 87 11 87
11 87 11 87
125 65 125 65
125 65 125 65
125 65 125 65
125 65 125 65
125 65 125 65
125 65 125 65
125 65 125 65
125 65 125 65
125 65 125 65
125 65 125 65
125 65 125 65
125 65 125 65
125 65 125 65
125 65 125 65
125 65 125 65
125 65 125 65
125 65 125 65
125 65 125 65
29 34 29 34
29 34 29 34
29 34 29 34
29 34 29 34
29 34 29 34
29 34 29 34
29 34 29 34
29 34 29 34
29 34 29 34
29 34 29 34
29 34 29 34
29 34 29 34
10 27 10 27
10 27 10 27
10 27 10 27
10 27 10 27
10 27 10 27
10 27 10 27
10 27 10 27
10 27 10 27
10 27 10 27
10 27 10 27
10 27 10 27
10 27 10 27
10 27 10 27
10 27 10 27
10 27 10 27
10 27 10 27
10 27 10 27
10 27 10 27
10 27 10 27
10 27 10 27
10 27 10 27
10 27 10 27
131 20 131 20
131 20 131 20
131 20 131 20
131 20 131 20
29 34 29 34
131 20 131 20
131 20 131 20
131 20 131 20
29 34 29 34
123 9 123 9
14 27 14 27
118 101 118 101
29 34 29 34
116 9 116 9
121 56 121 56
13 89 13 89
6 11 6 11
30 196 30 196
129 33 129 33
27 107 27 107
125 65 125 65
121 8 121 8
18 29 18 29
40 34 40 34
125 65 125 65
122 12 122 12
89 3 89 3
22 33 22 33
125 65 125 65
14 93 14 93
120 60 120 60
41 208 41 208
8 26 8 26
25 103 25 103
120 11 120 11
130 18 130 18
11 87 11 87
99 3 99 3
104 6 104 6
24 101 24 101
84 2 84 2
76 213 76 213
126 14 126 14
123 48 123 48
84 2 84 2
118 10 118 10
84 2 84 2
84 2 84 2
