142 203
282
105 180 121 118
18 107 32 164
1 46 14 100
128 102 139 58
104 141 97 180
136 67 101 84
56 87 94 87
105 134 126 106
42 177 35 145
57 1 88 1
80 2 49 2
68 190 68 160
135 69 126 97
125 19 99 6
47 87 21 74
141 40 135 66
7 24 29 12
116 76 135 61
126 20 141 39
59 90 83 90
124 15 104 5
18 75 38 85
3 51 13 71
45 194 35 175
35 6 17 15
137 50 128 68
121 78 103 86
67 160 67 141
76 200 94 195
30 127 20 112
105 179 94 193
35 144 31 128
87 89 102 86
8 22 2 36
52 88 38 82
58 86 58 71
132 21 139 34
36 6 50 3
11 65 22 74
4 48 4 34
10 68 4 56
90 2 103 5
92 62 90 75
87 86 100 84
56 197 68 202
60 88 73 88
116 79 126 73
32 165 35 176
57 68 59 57
69 202 69 191
97 6 87 2
139 39 137 49
123 15 131 21
18 15 10 21
46 194 55 197
1 43 4 52
55 3 46 5
122 119 124 110
95 190 97 181
97 173 95 181
53 5 61 3
78 3 86 4
14 69 10 62
90 76 89 84
44 190 43 182
86 89 78 89
49 86 57 86
118 74 115 67
30 9 37 7
124 107 127 101
119 114 123 109
15 101 17 107
141 52 140 58
70 202 76 201
53 88 59 89
120 17 119 11
70 139 70 145
132 68 135 63
19 75 14 72
2 37 1 42
139 38 136 34
122 18 126 21
137 29 139 33
124 72 127 69
133 62 136 59
97 191 94 194
16 20 16 16
24 12 28 12
141 45 141 49
105 135 105 139
95 173 95 177
26 74 28 77
43 181 42 178
50 85 47 85
81 88 84 88
104 82 104 85
102 184 102 182
96 187 98 187
105 132 105 130
57 71 57 69
45 5 43 5
51 3 53 3
6 56 6 54
108 83 106 83
89 85 91 85
66 141 66 139
134 29 134 31
22 116 22 114
112 80 112 78
128 18 127 17
20 72 19 73
95 194 96 193
56 5 55 6
129 65 128 66
14 67 15 68
115 76 114 77
122 16 121 15
24 75 23 74
126 71 125 70
13 70 14 71
116 118 117 117
28 125 27 124
108 129 107 130
130 86 129 85
29 127 30 128
10 63 10 64
76 3 77 3
140 36 140 35
104 6 105 6
121 122 121 121
33 166 33 167
69 145 69 146
40 85 39 85
138 41 138 42
136 66 136 65
137 63 137 62
108 174 108 173
6 71 6 71
6 71 6 71
6 71 6 71
5 61 5 61
39 160 39 160
34 143 34 143
107 177 107 177
107 177 107 177
103 82 103 82
29 154 29 154
29 154 29 154
29 154 29 154
38 156 38 156
36 81 36 81
106 134 106 134
132 80 132 80
20 12 20 12
133 77 133 77
5 67 5 67
88 3 88 3
140 55 140 55
20 111 20 111
3 59 3 59
138 57 138 57
86 2 86 2
128 88 128 88
3 31 3 31
37 152 37 152
41 4 41 4
2 55 2 55
135 57 135 57
15 100 15 100
117 10 117 10
134 74 134 74
83 199 83 199
93 3 93 3
14 19 14 19
28 150 28 150
54 89 54 89
20 18 20 18
99 171 99 171
120 125 120 125
91 71 91 71
108 131 108 131
129 95 129 95
133 61 133 61
36 148 36 148
109 169 109 169
125 97 125 97
22 11 22 11
28 10 28 10
118 80 118 80
136 27 136 27
104 7 104 7
7 65 7 65
91 65 91 65
58 3 58 3
90 80 90 80
43 187 43 187
100 160 100 160
120 79 120 79
101 155 101 155
18 72 18 72
114 82 114 82
100 7 100 7
134 59 134 59
130 24 130 24
40 182 40 182
7 58 7 58
116 81 116 81
27 81 27 81
22 17 22 17
26 122 26 122
4 63 4 63
113 8 113 8
113 153 113 153
107 7 107 7
96 84 96 84
119 129 119 129
128 99 128 99
128 72 128 72
130 21 130 21
116 68 116 68
34 171 34 171
106 81 106 81
111 161 111 161
127 104 127 104
1 51 1 51
134 67 134 67
114 149 114 149
47 4 47 4
138 48 138 48
96 173 96 173
122 114 122 114
5 54 5 54
118 133 118 133
110 165 110 165
139 53 139 53
111 125 111 125
2 48 2 48
91 88 91 88
130 63 130 63
112 83 112 83
42 86 42 86
98 6 98 6
126 94 126 94
111 9 111 9
14 97 14 97
107 177 107 177
101 86 101 86
30 158 30 158
127 91 127 91
6 71 6 71
31 83 31 83
114 121 114 121
114 121 114 121
6 71 6 71
6 63 6 63
103 145 103 145
114 121 114 121
116 141 116 141
114 121 114 121
114 121 114 121
131 83 131 83
104 140 104 140
136 55 136 55
140 43 140 43
132 23 132 23
97 88 97 88
37 84 37 84
96 5 96 5
115 9 115 9
98 176 98 176
6 71 6 71
6 71 6 71
6 71 6 71
6 71 6 71
6 71 6 71
114 121 114 121
114 121 114 121
114 121 114 121
6 71 6 71
6 71 6 71
114 121 114 121
6 71 6 71
