137 224
192
83 160 98 97
82 164 67 223
84 211 97 158
124 19 79 8
98 157 106 125
127 55 119 87
136 24 128 55
36 222 64 222
107 124 114 97
48 165 44 189
14 214 34 219
56 4 76 8
1 198 13 213
127 42 121 59
67 221 83 213
79 171 75 187
48 4 32 1
41 205 38 220
58 105 56 119
51 147 49 161
13 193 11 207
65 86 62 99
55 124 53 136
35 2 23 2
13 58 13 70
31 1 19 1
124 20 135 23
15 36 15 47
14 58 14 47
18 15 18 4
55 223 66 223
25 218 35 221
42 200 44 190
11 104 11 94
12 83 12 93
20 133 20 143
9 124 9 114
19 143 19 153
16 26 16 36
8 124 8 134
17 15 17 25
26 89 26 79
10 104 10 114
21 133 21 123
5 152 5 162
51 146 53 137
113 17 122 19
61 85 60 94
15 179 14 188
7 143 7 134
23 105 23 114
6 152 6 143
4 171 4 162
18 153 18 162
22 114 22 123
13 74 13 83
115 96 118 88
53 4 45 3
24 105 24 97
17 170 17 162
25 97 25 89
8 209 14 213
44 221 37 220
3 177 2 183
1 193 2 187
60 95 59 101
98 96 99 90
16 176 16 170
73 7 78 8
12 74 12 69
26 216 30 217
119 84 118 80
76 178 76 174
14 189 13 192
56 120 55 123
41 204 42 201
3 174 3 171
83 161 82 163
48 164 49 162
132 23 134 24
94 10 92 10
19 4 19 2
64 221 66 221
136 27 136 25
2 201 2 199
11 210 11 208
82 9 80 9
5 205 6 206
69 222 70 221
58 103 59 102
120 20 121 20
110 16 109 16
15 177 15 178
23 217 22 217
55 4 54 4
77 174 77 173
114 99 114 100
97 11 96 11
34 221 33 221
38 3 39 3
1 197 1 196
104 13 105 13
41 2 42 2
83 212 83 211
70 6 69 6
106 15 105 15
109 113 109 113
126 62 126 62
107 121 107 121
115 97 115 97
82 215 82 215
95 169 95 169
98 13 98 13
63 96 63 96
93 116 93 116
102 14 102 14
81 166 81 166
95 108 95 108
131 21 131 21
94 12 94 12
126 47 126 47
94 173 94 173
3 180 3 180
70 216 70 216
84 158 84 158
124 49 124 49
97 161 97 161
54 127 54 127
54 127 54 127
54 127 54 127
52 139 52 139
57 109 57 109
86 199 86 199
86 199 86 199
86 199 86 199
86 199 86 199
86 199 86 199
86 199 86 199
86 199 86 199
86 199 86 199
86 199 86 199
86 199 86 199
99 89 99 89
96 165 96 165
117 19 117 19
117 19 117 19
117 19 117 19
117 19 117 19
43 197 43 197
50 157 50 157
14 183 14 183
61 84 61 84
12 197 12 197
122 54 122 54
133 37 133 37
99 150 99 150
97 100 97 100
127 58 127 58
106 128 106 128
10 212 10 212
124 52 124 52
96 104 96 104
45 185 45 185
122 57 122 57
93 177 93 177
117 19 117 19
75 188 75 188
92 120 92 120
46 174 46 174
117 19 117 19
126 44 126 44
47 169 47 169
58 104 58 104
86 199 86 199
113 103 113 103
52 145 52 145
79 172 79 172
85 203 85 203
128 51 128 51
118 87 118 87
43 191 43 191
86 199 86 199
135 29 135 29
125 66 125 66
54 133 54 133
80 170 80 170
108 117 108 117
84 207 84 207
90 11 90 11
54 127 54 127
10 209 10 209
40 209 40 209
