141 202
297
79 159 59 197
92 143 72 181
3 34 3 76
76 89 36 79
140 51 116 19
18 125 2 91
99 9 65 1
19 67 4 37
48 159 38 191
3 129 3 96
135 73 120 101
92 134 80 158
70 91 45 83
78 92 104 92
59 1 84 7
107 91 130 80
103 124 91 146
1 169 12 191
128 78 106 89
111 19 90 8
17 61 35 76
140 54 135 76
78 65 70 86
36 201 58 197
122 96 112 115
2 150 2 129
13 60 4 42
54 139 48 158
17 193 35 201
130 31 139 48
19 66 34 78
9 17 24 5
40 1 58 1
99 10 115 18
30 7 14 14
118 20 130 32
136 62 129 77
40 77 44 61
25 5 39 2
112 114 103 125
2 90 2 76
47 3 61 3
35 75 47 81
4 33 7 20
92 89 105 89
72 180 64 190
120 21 129 30
12 182 14 170
15 153 15 165
121 27 112 20
16 142 16 153
100 127 93 135
104 83 102 73
121 81 129 75
7 42 7 32
1 150 1 160
139 57 137 48
17 133 17 142
70 174 66 182
131 75 136 68
140 65 137 73
35 200 38 192
122 86 114 89
21 64 15 58
22 7 30 5
84 91 92 90
48 2 40 2
85 89 77 89
137 60 137 52
55 146 58 139
18 126 18 133
12 56 15 62
32 4 38 3
71 91 77 91
6 32 6 26
130 73 127 78
47 55 45 60
11 188 12 183
1 163 1 168
140 59 140 64
126 30 122 28
104 84 102 88
130 79 134 77
15 13 18 10
55 2 51 2
14 169 14 165
13 191 16 193
8 49 10 52
37 79 34 77
74 176 72 179
96 91 93 90
106 88 109 87
57 4 54 4
127 32 129 34
26 70 24 68
42 80 43 82
67 177 68 175
111 88 109 89
8 20 9 18
124 28 124 30
109 119 109 117
4 34 4 36
115 84 115 86
62 2 60 2
73 88 75 88
82 4 84 4
8 44 8 42
78 3 80 3
65 88 67 88
53 85 55 85
125 90 127 90
117 83 117 85
139 50 139 52
106 91 104 91
119 84 119 82
134 69 136 69
7 46 9 46
131 37 130 36
136 46 135 45
15 57 14 56
68 182 69 181
28 74 29 75
116 22 115 21
11 14 12 13
104 123 105 122
98 130 99 129
23 70 24 71
87 90 86 90
136 60 136 61
67 184 68 184
140 52 140 53
5 23 5 24
4 40 4 41
49 82 50 82
126 81 125 81
86 5 87 5
86 8 85 8
50 84 51 84
2 94 2 95
102 13 103 13
8 18 8 18
8 18 8 18
8 18 8 18
79 166 79 166
97 133 97 133
68 2 68 2
136 40 136 40
21 8 21 8
90 148 90 148
123 94 123 94
128 80 128 80
132 80 132 80
9 55 9 55
110 19 110 19
78 162 78 162
12 110 12 110
34 2 34 2
38 193 38 193
70 87 70 87
43 177 43 177
111 15 111 15
42 180 42 180
103 11 103 11
76 172 76 172
130 84 130 84
72 82 72 82
25 10 25 10
9 104 9 104
123 82 123 82
133 40 133 40
8 53 8 53
81 155 81 155
10 57 10 57
113 85 113 85
134 76 134 76
93 141 93 141
13 112 13 112
129 86 129 86
23 11 23 11
80 157 80 157
7 47 7 47
13 14 13 14
107 13 107 13
100 12 100 12
7 51 7 51
17 124 17 124
80 164 80 164
88 7 88 7
59 86 59 86
16 64 16 64
30 200 30 200
75 71 75 71
11 54 11 54
51 151 51 151
96 135 96 135
74 77 74 77
72 3 72 3
118 25 118 25
40 186 40 186
29 8 29 8
128 88 128 88
68 90 68 90
52 144 52 144
76 69 76 69
16 60 16 60
6 40 6 40
63 87 63 87
105 12 105 12
84 149 84 149
77 170 77 170
39 81 39 81
71 89 71 89
45 171 45 171
41 183 41 183
77 164 77 164
10 190 10 190
47 161 47 161
123 79 123 79
10 106 10 106
50 154 50 154
62 194 62 194
50 198 50 198
64 1 64 1
29 72 29 72
95 137 95 137
121 83 121 83
7 22 7 22
37 4 37 4
46 164 46 164
37 197 37 197
74 170 74 170
82 153 82 153
98 11 98 11
131 82 131 82
76 166 76 166
8 102 8 102
5 38 5 38
115 19 115 19
5 43 5 43
109 14 109 14
112 90 112 90
75 174 75 174
75 168 75 168
89 150 89 150
6 49 6 49
101 129 101 129
6 49 6 49
14 114 14 114
18 11 18 11
79 166 79 166
6 49 6 49
94 139 94 139
6 49 6 49
8 18 8 18
6 98 6 98
6 49 6 49
6 49 6 49
66 3 66 3
88 152 88 152
6 49 6 49
94 7 94 7
103 80 103 80
6 49 6 49
6 49 6 49
6 49 6 49
18 194 18 194
18 194 18 194
18 194 18 194
52 148 52 148
52 148 52 148
92 137 92 137
8 18 8 18
8 18 8 18
8 18 8 18
8 18 8 18
8 18 8 18
8 18 8 18
6 49 6 49
8 18 8 18
8 18 8 18
6 49 6 49
6 49 6 49
8 18 8 18
6 49 6 49
6 49 6 49
6 49 6 49
8 18 8 18
8 18 8 18
8 18 8 18
6 49 6 49
8 18 8 18
6 49 6 49
6 49 6 49
6 49 6 49
8 18 8 18
8 18 8 18
8 18 8 18
